100 -2.695491307718942e-08
1 -3.538570363006803e-08
2 -3.47423564008454e-08
3 -3.4541553045781825e-08
4 -3.396444233586676e-08
5 -3.376568607268288e-08
6 -3.317359581435017e-08
7 -3.316686417870196e-08
8 -3.292459073694215e-08
9 -3.276281802105929e-08
10 -3.2654078256253924e-08
11 -3.2631561740041615e-08
12 -3.2615757943835894e-08
13 -3.2472904863993166e-08
14 -3.2123148850995986e-08
15 -3.1662303503002254e-08
16 -3.161145309708499e-08
17 -3.147446995892776e-08
18 -3.1317345470160615e-08
19 -3.106698499562126e-08
20 -3.0774326557556075e-08
21 -3.0767276696210336e-08
22 -3.058485557871915e-08
23 -3.0520187732554355e-08
24 -3.0300034128656964e-08
25 -3.0238834567396233e-08
26 -3.018052792966644e-08
27 -3.013849396698437e-08
28 -3.00688310060377e-08
29 -3.0047066356276436e-08
30 -2.983208248551021e-08
31 -2.9816418842384604e-08
32 -2.9805690385741566e-08
33 -2.9659219058812344e-08
34 -2.965770397756612e-08
35 -2.9569268189359732e-08
36 -2.9527519311025284e-08
37 -2.9506472748203755e-08
38 -2.9483374960957535e-08
39 -2.943720798847735e-08
40 -2.9349670421113284e-08
41 -2.9290852332042143e-08
42 -2.9284466267730236e-08
43 -2.904296794910017e-08
44 -2.88343699069403e-08
45 -2.8809298570331952e-08
46 -2.877509641088967e-08
47 -2.8750617828750963e-08
48 -2.8712074521966904e-08
49 -2.8709581201312798e-08
50 -2.8694900310695035e-08
51 -2.864223435121091e-08
52 -2.858526597674868e-08
53 -2.858369960428292e-08
54 -2.8527060381240352e-08
55 -2.8511351179939456e-08
56 -2.8487909500460838e-08
57 -2.8449832722293733e-08
58 -2.8245986511549193e-08
59 -2.8175022021297187e-08
60 -2.813687532878667e-08
61 -2.8125112306047646e-08
62 -2.805492545134708e-08
63 -2.8036238491056277e-08
64 -2.8028125199767474e-08
65 -2.800207910349812e-08
66 -2.796687573040392e-08
67 -2.7957095718750963e-08
68 -2.7952795409293477e-08
69 -2.7941074948211776e-08
70 -2.7889350694100187e-08
71 -2.7877156192615202e-08
72 -2.7850100220460673e-08
73 -2.7828747888665635e-08
74 -2.7827991806511285e-08
75 -2.7791684510040764e-08
76 -2.7771702771988392e-08
77 -2.7657603006978927e-08
78 -2.7614942308220626e-08
79 -2.7594051127616606e-08
80 -2.7536730555824916e-08
81 -2.750391081356683e-08
82 -2.7487199357671514e-08
83 -2.7470169683776503e-08
84 -2.7457038028724963e-08
85 -2.7446807792904163e-08
86 -2.7411457031740333e-08
87 -2.7396077904406728e-08
88 -2.7380099040883593e-08
89 -2.7341583900804614e-08
90 -2.7270897300134614e-08
91 -2.725127838318353e-08
92 -2.7238255519580062e-08
93 -2.7196008645070067e-08
94 -2.7156190117254807e-08
95 -2.705590418741223e-08
96 -2.7049323241554526e-08
97 -2.7019530544599227e-08
98 -2.7003648332061918e-08
99 -2.6975254007626827e-08
100 -2.695491307718942e-08
