100 4.118674651787564e-08
1 5.623683549914327e-08
2 5.5906422264718515e-08
3 5.559820528153268e-08
4 5.447552594195666e-08
5 5.438601459006702e-08
6 5.1321481832626754e-08
7 5.2490880034705353e-08
8 5.089141695265118e-08
9 5.086524828385678e-08
10 5.2867540856378625e-08
11 5.077183647464456e-08
12 5.177493285837831e-08
13 5.2374569824002216e-08
14 5.0838348831031e-08
15 4.95637520616472e-08
16 4.9360262558946835e-08
17 4.9363760240258084e-08
18 4.871348971413874e-08
19 4.8048405534026686e-08
20 4.7991533602600306e-08
21 4.704511249477555e-08
22 4.6986750487816586e-08
23 4.6081699730821796e-08
24 4.870747292409945e-08
25 4.6502244397728966e-08
26 4.6996256020895993e-08
27 4.590896129799769e-08
28 4.488098023466055e-08
29 4.6693233655558004e-08
30 4.63606084986478e-08
31 4.5176112354575367e-08
32 4.4846846151405315e-08
33 4.601089171447047e-08
34 4.4358524562294194e-08
35 4.487219623866903e-08
36 4.518492334318943e-08
37 4.4711213490757854e-08
38 4.603855984744616e-08
39 4.523370774922901e-08
40 4.48982381756678e-08
41 4.500253765688314e-08
42 4.554661338438803e-08
43 4.386544611914697e-08
44 4.297666899102676e-08
45 4.355171043593509e-08
46 4.347046805023213e-08
47 4.337283621798013e-08
48 4.3791014894345795e-08
49 4.349928469944003e-08
50 4.279670626862247e-08
51 4.3903409879645933e-08
52 4.2677918765622255e-08
53 4.333491683376767e-08
54 4.381825144465475e-08
55 4.301517079428061e-08
56 4.344844570626852e-08
57 4.13304192439898e-08
58 4.375030207874001e-08
59 4.28823008060482e-08
60 4.258136753268471e-08
61 4.193315512456431e-08
62 4.139180360723978e-08
63 4.246330052263148e-08
64 4.140189575403035e-08
65 4.159626916690326e-08
66 4.2085726461367923e-08
67 4.170349742334224e-08
68 4.1515746258033014e-08
69 4.29633637749941e-08
70 4.202147486931113e-08
71 4.195868035194962e-08
72 4.162196387444113e-08
73 4.1927497525663226e-08
74 4.1989452444560205e-08
75 4.170208342155982e-08
76 4.3377592007926014e-08
77 4.129811370374818e-08
78 4.0052533430492976e-08
79 4.1045026890251714e-08
80 4.197963590380502e-08
81 4.0585482590719656e-08
82 4.0961447990103296e-08
83 4.1781165595041e-08
84 4.06116254546892e-08
85 3.9827572114641344e-08
86 4.119488080121586e-08
87 4.137381978751124e-08
88 4.14885098162527e-08
89 4.1426593088106194e-08
90 4.090962542395394e-08
91 4.1155750792412366e-08
92 4.0615355286670665e-08
93 4.0002959697733095e-08
94 3.8925254804687316e-08
95 3.9846732631456e-08
96 4.1245308334675584e-08
97 4.031209008969897e-08
98 4.00294728690573e-08
99 3.847087366905125e-08
100 4.118674651787564e-08
