100 -2.5624103925400536e-08
1 -3.330746598147194e-08
2 -3.264574158104525e-08
3 -3.245786379555901e-08
4 -3.193393784660121e-08
5 -3.1731191389608275e-08
6 -3.135067521114598e-08
7 -3.124535970754072e-08
8 -3.0957205311037995e-08
9 -3.0943959545659365e-08
10 -3.07912150140097e-08
11 -3.075678255983448e-08
12 -3.0683184455335653e-08
13 -3.0647006647190576e-08
14 -3.02689140382114e-08
15 -2.988100887991313e-08
16 -2.984389074105545e-08
17 -2.969752993205784e-08
18 -2.9583223506296497e-08
19 -2.9370819127055164e-08
20 -2.9064095043423305e-08
21 -2.899699995157108e-08
22 -2.8939887069981234e-08
23 -2.8875351863267076e-08
24 -2.8715124991023945e-08
25 -2.857392810090651e-08
26 -2.855262570952352e-08
27 -2.849026843685775e-08
28 -2.845846511429547e-08
29 -2.8444837428401662e-08
30 -2.8313912887770014e-08
31 -2.8273365372988475e-08
32 -2.8194925144283713e-08
33 -2.8130996720422685e-08
34 -2.8034894759831896e-08
35 -2.800750728343057e-08
36 -2.798959204111575e-08
37 -2.7984735413103673e-08
38 -2.793918605519842e-08
39 -2.79061123625423e-08
40 -2.774513457566921e-08
41 -2.7728543712003673e-08
42 -2.7728204700741034e-08
43 -2.755266866559785e-08
44 -2.740455044955483e-08
45 -2.733096260388538e-08
46 -2.727600492962324e-08
47 -2.7274978838844055e-08
48 -2.7238606728984503e-08
49 -2.7213970068325904e-08
50 -2.720082761136812e-08
51 -2.7133116292502903e-08
52 -2.7109994260869803e-08
53 -2.7098430604695703e-08
54 -2.7091374482299257e-08
55 -2.7060410938829597e-08
56 -2.705615344278118e-08
57 -2.693079917241454e-08
58 -2.6784635913617953e-08
59 -2.6734889248280526e-08
60 -2.670595821699026e-08
61 -2.6687642372597888e-08
62 -2.6660772314444567e-08
63 -2.6649106709113884e-08
64 -2.661938756183188e-08
65 -2.660808647080102e-08
66 -2.659394431753226e-08
67 -2.658335519311987e-08
68 -2.6556860582252657e-08
69 -2.6516545368086494e-08
70 -2.648510841792972e-08
71 -2.646373847901666e-08
72 -2.6439243099767376e-08
73 -2.6419265959382737e-08
74 -2.64154054660775e-08
75 -2.6403929841481953e-08
76 -2.6376163517519667e-08
77 -2.623298335795079e-08
78 -2.622057372419183e-08
79 -2.62030494419278e-08
80 -2.61804808683987e-08
81 -2.6116503978857418e-08
82 -2.6108974264050025e-08
83 -2.6100926345815414e-08
84 -2.6092322933670385e-08
85 -2.6084576093825425e-08
86 -2.6083308189424163e-08
87 -2.606642397122525e-08
88 -2.6052231001725927e-08
89 -2.5985020157630843e-08
90 -2.596185846393071e-08
91 -2.58867624971593e-08
92 -2.585862567269174e-08
93 -2.580985153561883e-08
94 -2.5806075614311433e-08
95 -2.574517705478726e-08
96 -2.5726850553988573e-08
97 -2.5725286641902802e-08
98 -2.5693776508424644e-08
99 -2.5653902991067817e-08
100 -2.5624103925400536e-08
