2730 0.001155913306668286
7102 0.0011348843548218712
1010 0.0011283245471572902
368 0.0011094763010423485
1907 0.0011029792119316981
7453 0.0010836781494255009
4583 0.0010834358938599559
7420 0.0010755070986683641
1847 0.0010702554421795382
3164 0.0010666830939999174
7446 0.0010659354876010377
5369 0.0010654474429014076
3947 0.0010607783570919815
2794 0.0010493411682379124
3215 0.0010342973440287254
5346 0.0010326385476164114
7223 0.001028159575456939
630 0.0010230344946604937
4417 0.001014861176379821
4955 0.0010052932265916684
3208 0.0010050491304266476
2902 0.0009991161462008973
5671 0.0009970028476381852
5833 0.0009898217505271256
5553 0.000987803356359175
8096 0.0009859063083091613
3204 0.000984528399360852
6301 0.0009822568832388017
758 0.0009815538727105154
5769 0.0009745441557011198
8194 0.0009740263559662398
4957 0.0009736595860789543
7938 0.0009688700010015609
8060 0.0009688431622488169
5584 0.0009659452427094536
6568 0.0009645860868914804
7250 0.0009638909590104343
1430 0.0009631524909550338
3185 0.0009616362854584552
2737 0.0009587581350908427
150 0.0009568452630216411
3751 0.0009566385233606671
5099 0.0009487621423080104
2944 0.0009419585032969179
7872 0.0009411277795328668
2639 0.0009400048585424522
5074 0.0009392106593671254
6648 0.0009379420358142307
1034 0.000937870782818523
229 0.0009373882820116303
4222 0.0009356601212669804
7406 0.0009338067559337771
2464 0.0009337534049531933
3578 0.0009319139030355894
6777 0.0009313961332621336
930 0.000930636006753505
2484 0.0009293706460338375
4944 0.0009227220660287188
1197 0.0009204074137882116
3221 0.0009191622783572783
6787 0.0009187683161961791
7579 0.0009164929453385513
2041 0.0009158935671275227
6530 0.0009156137769048578
3951 0.0009147375696674708
8112 0.0009136244866547155
6190 0.0009133006846489904
6005 0.0009131638186463727
5655 0.0009127748467236659
251 0.000911087232646234
8018 0.0009106787871216225
233 0.0009097953892238858
5996 0.00090909656720624
2589 0.000909073048000917
482 0.0009078918274415376
972 0.0009072369566384494
7499 0.0009035009065797966
1173 0.0009021098573783555
7442 0.0009014359765562159
2369 0.0008995665763374548
5129 0.0008984850402849337
7784 0.0008979407934955311
6315 0.000897391832653071
4255 0.0008969580320588511
4832 0.0008966191802124505
4692 0.0008954792933844981
6692 0.0008949759215451916
5998 0.0008944642697652927
5275 0.000893188404450848
2232 0.0008908726384964019
6928 0.0008902294495175839
5376 0.000889830601836972
1677 0.0008884233350372918
260 0.0008871323164900553
6883 0.0008838591119537058
6847 0.0008836498247917288
7702 0.0008826787258196495
1798 0.0008821559250920795
4681 0.0008812252647439798
6439 0.0008805512519071321
