2730 -3.538570363006803e-08
7102 -3.47423564008454e-08
1010 -3.4541553045781825e-08
368 -3.396444233586676e-08
1907 -3.376568607268288e-08
7453 -3.317359581435017e-08
4583 -3.316686417870196e-08
7420 -3.292459073694215e-08
1847 -3.276281802105929e-08
3164 -3.2654078256253924e-08
7446 -3.2631561740041615e-08
5369 -3.2615757943835894e-08
3947 -3.2472904863993166e-08
2794 -3.2123148850995986e-08
3215 -3.1662303503002254e-08
5346 -3.161145309708499e-08
7223 -3.147446995892776e-08
630 -3.1317345470160615e-08
4417 -3.106698499562126e-08
4955 -3.0774326557556075e-08
3208 -3.0767276696210336e-08
2902 -3.058485557871915e-08
5671 -3.0520187732554355e-08
5833 -3.0300034128656964e-08
5553 -3.0238834567396233e-08
8096 -3.018052792966644e-08
3204 -3.013849396698437e-08
6301 -3.00688310060377e-08
758 -3.0047066356276436e-08
5769 -2.983208248551021e-08
8194 -2.9816418842384604e-08
4957 -2.9805690385741566e-08
7938 -2.9659219058812344e-08
8060 -2.965770397756612e-08
5584 -2.9569268189359732e-08
6568 -2.9527519311025284e-08
7250 -2.9506472748203755e-08
1430 -2.9483374960957535e-08
3185 -2.943720798847735e-08
2737 -2.9349670421113284e-08
150 -2.9290852332042143e-08
3751 -2.9284466267730236e-08
5099 -2.904296794910017e-08
2944 -2.88343699069403e-08
7872 -2.8809298570331952e-08
2639 -2.877509641088967e-08
5074 -2.8750617828750963e-08
6648 -2.8712074521966904e-08
1034 -2.8709581201312798e-08
229 -2.8694900310695035e-08
4222 -2.864223435121091e-08
7406 -2.858526597674868e-08
2464 -2.858369960428292e-08
3578 -2.8527060381240352e-08
6777 -2.8511351179939456e-08
930 -2.8487909500460838e-08
2484 -2.8449832722293733e-08
4944 -2.8245986511549193e-08
1197 -2.8175022021297187e-08
3221 -2.813687532878667e-08
6787 -2.8125112306047646e-08
7579 -2.805492545134708e-08
2041 -2.8036238491056277e-08
6530 -2.8028125199767474e-08
3951 -2.800207910349812e-08
8112 -2.796687573040392e-08
6190 -2.7957095718750963e-08
6005 -2.7952795409293477e-08
5655 -2.7941074948211776e-08
251 -2.7889350694100187e-08
8018 -2.7877156192615202e-08
233 -2.7850100220460673e-08
5996 -2.7828747888665635e-08
2589 -2.7827991806511285e-08
482 -2.7791684510040764e-08
972 -2.7771702771988392e-08
7499 -2.7657603006978927e-08
1173 -2.7614942308220626e-08
7442 -2.7594051127616606e-08
2369 -2.7536730555824916e-08
5129 -2.750391081356683e-08
7784 -2.7487199357671514e-08
6315 -2.7470169683776503e-08
4255 -2.7457038028724963e-08
4832 -2.7446807792904163e-08
4692 -2.7411457031740333e-08
6692 -2.7396077904406728e-08
5998 -2.7380099040883593e-08
5275 -2.7341583900804614e-08
2232 -2.7270897300134614e-08
6928 -2.725127838318353e-08
5376 -2.7238255519580062e-08
1677 -2.7196008645070067e-08
260 -2.7156190117254807e-08
6883 -2.705590418741223e-08
6847 -2.7049323241554526e-08
7702 -2.7019530544599227e-08
1798 -2.7003648332061918e-08
4681 -2.6975254007626827e-08
6439 -2.695491307718942e-08
