2730 -3.330746598147194e-08
7102 -3.264574158104525e-08
1010 -3.245786379555901e-08
368 -3.193393784660121e-08
1907 -3.1731191389608275e-08
7453 -3.135067521114598e-08
4583 -3.124535970754072e-08
7420 -3.0957205311037995e-08
1847 -3.0943959545659365e-08
5369 -3.07912150140097e-08
3164 -3.075678255983448e-08
7446 -3.0683184455335653e-08
3947 -3.0647006647190576e-08
2794 -3.02689140382114e-08
3215 -2.988100887991313e-08
5346 -2.984389074105545e-08
7223 -2.969752993205784e-08
630 -2.9583223506296497e-08
4417 -2.9370819127055164e-08
4955 -2.9064095043423305e-08
3208 -2.899699995157108e-08
2902 -2.8939887069981234e-08
5671 -2.8875351863267076e-08
5833 -2.8715124991023945e-08
5553 -2.857392810090651e-08
8096 -2.855262570952352e-08
3204 -2.849026843685775e-08
758 -2.845846511429547e-08
6301 -2.8444837428401662e-08
5769 -2.8313912887770014e-08
8194 -2.8273365372988475e-08
4957 -2.8194925144283713e-08
8060 -2.8130996720422685e-08
7938 -2.8034894759831896e-08
5584 -2.800750728343057e-08
6568 -2.798959204111575e-08
1430 -2.7984735413103673e-08
7250 -2.793918605519842e-08
3185 -2.79061123625423e-08
2737 -2.774513457566921e-08
3751 -2.7728543712003673e-08
150 -2.7728204700741034e-08
5099 -2.755266866559785e-08
2944 -2.740455044955483e-08
7872 -2.733096260388538e-08
2639 -2.727600492962324e-08
5074 -2.7274978838844055e-08
1034 -2.7238606728984503e-08
229 -2.7213970068325904e-08
6648 -2.720082761136812e-08
4222 -2.7133116292502903e-08
7406 -2.7109994260869803e-08
2464 -2.7098430604695703e-08
3578 -2.7091374482299257e-08
930 -2.7060410938829597e-08
6777 -2.705615344278118e-08
2484 -2.693079917241454e-08
4944 -2.6784635913617953e-08
1197 -2.6734889248280526e-08
3221 -2.670595821699026e-08
2041 -2.6687642372597888e-08
7579 -2.6660772314444567e-08
6787 -2.6649106709113884e-08
6530 -2.661938756183188e-08
8112 -2.660808647080102e-08
6005 -2.659394431753226e-08
6190 -2.658335519311987e-08
5655 -2.6556860582252657e-08
251 -2.6516545368086494e-08
3951 -2.648510841792972e-08
8018 -2.646373847901666e-08
233 -2.6439243099767376e-08
2589 -2.6419265959382737e-08
5996 -2.64154054660775e-08
482 -2.6403929841481953e-08
972 -2.6376163517519667e-08
7499 -2.623298335795079e-08
7442 -2.622057372419183e-08
1173 -2.62030494419278e-08
2369 -2.61804808683987e-08
6315 -2.6116503978857418e-08
5129 -2.6108974264050025e-08
7784 -2.6100926345815414e-08
5998 -2.6092322933670385e-08
4692 -2.6084576093825425e-08
4255 -2.6083308189424163e-08
6692 -2.606642397122525e-08
4832 -2.6052231001725927e-08
5275 -2.5985020157630843e-08
5376 -2.596185846393071e-08
2232 -2.58867624971593e-08
6928 -2.585862567269174e-08
260 -2.580985153561883e-08
1677 -2.5806075614311433e-08
6847 -2.574517705478726e-08
6883 -2.5726850553988573e-08
7702 -2.5725286641902802e-08
1798 -2.5693776508424644e-08
4681 -2.5653902991067817e-08
2664 -2.5624103925400536e-08
