2730 5.623683549914327e-08
7102 5.5906422264718515e-08
1010 5.559820528153268e-08
368 5.447552594195666e-08
1907 5.438601459006702e-08
7453 5.1321481832626754e-08
4583 5.2490880034705353e-08
1847 5.089141695265118e-08
5369 5.086524828385678e-08
7420 5.2867540856378625e-08
3947 5.077183647464456e-08
3164 5.177493285837831e-08
7446 5.2374569824002216e-08
2794 5.0838348831031e-08
3215 4.95637520616472e-08
5346 4.9360262558946835e-08
7223 4.9363760240258084e-08
630 4.871348971413874e-08
4417 4.8048405534026686e-08
4955 4.7991533602600306e-08
2902 4.704511249477555e-08
5671 4.6986750487816586e-08
5833 4.6081699730821796e-08
3208 4.870747292409945e-08
8096 4.6502244397728966e-08
5553 4.6996256020895993e-08
758 4.590896129799769e-08
5769 4.488098023466055e-08
3204 4.6693233655558004e-08
6301 4.63606084986478e-08
8194 4.5176112354575367e-08
8060 4.4846846151405315e-08
4957 4.601089171447047e-08
1430 4.4358524562294194e-08
6568 4.487219623866903e-08
5584 4.518492334318943e-08
3185 4.4711213490757854e-08
7938 4.603855984744616e-08
7250 4.523370774922901e-08
3751 4.48982381756678e-08
150 4.500253765688314e-08
2737 4.554661338438803e-08
5099 4.386544611914697e-08
2944 4.297666899102676e-08
7872 4.355171043593509e-08
5074 4.347046805023213e-08
1034 4.337283621798013e-08
2639 4.3791014894345795e-08
229 4.349928469944003e-08
3578 4.279670626862247e-08
6648 4.3903409879645933e-08
930 4.2677918765622255e-08
7406 4.333491683376767e-08
4222 4.381825144465475e-08
6777 4.301517079428061e-08
2464 4.344844570626852e-08
2041 4.13304192439898e-08
2484 4.375030207874001e-08
4944 4.28823008060482e-08
1197 4.258136753268471e-08
7579 4.193315512456431e-08
8112 4.139180360723978e-08
3221 4.246330052263148e-08
6005 4.140189575403035e-08
6190 4.159626916690326e-08
6530 4.2085726461367923e-08
5655 4.170349742334224e-08
251 4.1515746258033014e-08
6787 4.29633637749941e-08
8018 4.202147486931113e-08
233 4.195868035194962e-08
482 4.162196387444113e-08
2589 4.1927497525663226e-08
5996 4.1989452444560205e-08
972 4.170208342155982e-08
3951 4.3377592007926014e-08
7442 4.129811370374818e-08
5998 4.0052533430492976e-08
2369 4.1045026890251714e-08
7499 4.197963590380502e-08
4692 4.0585482590719656e-08
6315 4.0961447990103296e-08
1173 4.1781165595041e-08
6692 4.06116254546892e-08
5376 3.9827572114641344e-08
4255 4.119488080121586e-08
7784 4.137381978751124e-08
5129 4.14885098162527e-08
4832 4.1426593088106194e-08
5275 4.090962542395394e-08
2232 4.1155750792412366e-08
260 4.0615355286670665e-08
6847 4.0002959697733095e-08
2664 3.8925254804687316e-08
7702 3.9846732631456e-08
6928 4.1245308334675584e-08
6883 4.031209008969897e-08
1798 4.00294728690573e-08
5808 3.847087366905125e-08
1677 4.118674651787564e-08
