[5.06661455e-04 8.49865126e-05 8.87143200e-05 1.01048226e-04
 9.02668351e-05 9.40333564e-05 9.55769242e-05 8.08741574e-05
 9.39545861e-05 9.63898407e-05 9.47534924e-05 6.73121793e-05
 1.05338846e-04 1.03983916e-04 1.10071300e-04 1.07958525e-04
 8.38610991e-05 6.75153783e-04 7.61384026e-05 1.03480711e-04
 8.74113949e-05 1.08029595e-04 9.10361891e-05 9.05182011e-05
 1.16238463e-04 8.84322202e-05 9.09706899e-05 9.30519071e-05
 4.49798599e-04 6.96350078e-05 6.96382142e-05 8.45071579e-05
 8.49482693e-05 8.58530033e-05 7.96625840e-05 7.74118795e-05
 9.11070004e-05 6.67449393e-04 7.26059309e-05 1.02772036e-04
 9.21792291e-05 7.34274751e-05 5.78323124e-04 1.37021152e-04
 8.56134795e-05 8.51931563e-05 9.99906477e-05 8.92862770e-05
 8.17838273e-05 9.25544515e-05 7.80230030e-05 8.15717318e-05
 9.80792601e-05 1.10357959e-04 8.55358790e-05 8.53645276e-05
 9.04648018e-05 7.98654456e-05 8.76339929e-05 5.29887216e-05
 8.20753306e-05 1.01266896e-04 8.27169971e-05 1.04527323e-04
 9.14242090e-05 7.72981765e-05 8.21617181e-05 9.64877137e-05
 7.58393172e-05 8.69265722e-05 1.05140314e-04 1.06398926e-04
 7.23056626e-05 5.95615250e-04 8.82082366e-05 6.38904048e-05
 7.18004883e-05 5.46294455e-04 6.00711312e-04 8.27351470e-05
 6.36211431e-05 7.75393151e-05 8.57834879e-05 9.58021705e-05
 1.14713669e-04 9.36784353e-05 9.49208036e-05 8.25617371e-05
 1.07312475e-04 7.31928639e-05 1.08460477e-04 9.41040894e-05
 1.14056574e-04 6.80288026e-05 8.16295605e-05 9.37410866e-05
 1.04581528e-04 1.07409114e-04 8.24110869e-05 6.69261276e-05
 1.07686499e-04 4.84154047e-04 7.84423833e-05 8.81876784e-05
 8.27231710e-05 7.69350873e-05 1.11066233e-04 9.14391065e-05
 1.01483315e-04 8.73071935e-05 9.86520790e-05 7.08928993e-05
 6.57189966e-04 6.45395780e-04 1.00193249e-04 8.47880629e-05
 6.65546088e-05 5.88557191e-04 9.21294787e-05 7.97865032e-05
 7.25634568e-05 7.89415485e-05 8.89791289e-05 8.89691248e-05
 7.82071340e-05 9.60697067e-05 7.32341964e-05 8.34210181e-05
 7.31995819e-05 1.19953173e-04 9.37443271e-05 8.56020312e-05
 7.58125447e-05 8.39493080e-05 8.36939951e-05 7.54964141e-05
 7.17535074e-05 8.51370997e-05 6.72225255e-04 8.36688250e-05
 8.32040623e-05 7.59145193e-05 9.16572237e-05 6.90220400e-05
 9.53258142e-05 7.93972506e-05 7.45581760e-05 9.70695579e-05
 9.37045800e-05 5.68438309e-04 8.64030905e-05 1.34341805e-04
 1.06391682e-04 7.55277950e-05 8.60147504e-05 1.28109415e-04
 1.07440021e-04 7.16189011e-05 6.87442765e-05 9.70702949e-05
 8.87707088e-05 7.62049782e-05 6.93674425e-05 9.16795544e-05
 9.90493608e-05 1.15859750e-04 8.66667163e-05 5.47286757e-04
 1.33276592e-04 6.84770641e-05 9.87506262e-05 7.79915200e-05
 9.41543070e-05 1.03574852e-04 7.32247841e-05 6.34062449e-05
 1.15166636e-04 8.89756393e-05 1.00946512e-04 7.05778883e-05
 9.16866585e-05 9.79275627e-05 6.72016524e-05 1.07205570e-04
 7.70543344e-05 6.46028609e-05 1.07884579e-04 8.09560086e-04
 7.99559143e-05 8.29707479e-05 7.53808836e-05 9.53034087e-05
 1.04859626e-04 8.27706038e-05 7.98642719e-05 1.00664087e-04
 9.12692101e-05 8.53318761e-05 9.72473220e-05 7.53572496e-05
 7.19256794e-05 1.05184753e-04 1.14223118e-04 5.51994086e-04
 5.37353594e-04 9.68949023e-05 1.10060680e-04 9.98746127e-05
 8.01155929e-05 7.52255784e-05 1.05422307e-04 8.37773230e-05
 1.02989340e-04 8.71829247e-05 7.15419638e-05 8.82152292e-05
 9.38329070e-05 9.63705096e-05 1.04500972e-04 6.59232911e-04
 7.79683910e-05 8.41276914e-05 9.14542036e-05 9.13250728e-05
 1.16197505e-04 9.65930213e-05 9.45760987e-05 7.78337234e-05
 4.97824646e-04 9.28469087e-05 7.63219190e-05 7.89314164e-05
 7.12917219e-05 9.46498422e-05 9.02591720e-05 1.07015379e-04
 7.70674163e-05 8.36197252e-05 9.63994499e-05 9.87830118e-05
 1.00056279e-04 9.07264355e-05 7.70386932e-05 7.84085707e-05
 8.47860468e-05 9.18645262e-05 8.39196421e-05 8.30134414e-04
 8.46440130e-05 8.40223878e-05 7.44831417e-05 6.59798120e-05
 9.88886289e-05 7.75346212e-05 8.99616837e-05 9.38557672e-05
 9.81608096e-05 9.77890059e-05 7.41366917e-05 1.04334998e-04
 8.06438410e-05 1.07530469e-04 1.10069863e-04 9.54415228e-05
 1.39338702e-04 8.27516542e-05 6.00660859e-04 7.93020258e-05
 1.18090990e-04 1.25978194e-04 9.13552895e-05 9.74141487e-05
 1.03124515e-04 8.48044407e-05 9.38022391e-05 9.53138946e-05
 9.02033317e-05 1.04022725e-04 8.62132401e-05 8.82625250e-05
 1.04821716e-04 9.06725317e-05 1.11845384e-04 8.42674332e-05
 8.80487798e-05 1.01409142e-04 8.80642213e-05 9.27062387e-05
 8.38876272e-05 1.11701572e-04 9.12328079e-05 1.17904224e-04
 9.02979732e-05 8.71814484e-05 6.35265066e-04 1.08758840e-04
 9.88732730e-05 8.35157184e-05 6.84212521e-05 8.79204152e-05
 8.92477872e-05 7.76494782e-05 8.19962186e-05 1.16311616e-04
 9.79773169e-05 8.53872794e-05 9.46885482e-05 8.60902000e-05
 9.37945907e-05 1.05571085e-04 1.09687883e-04 9.12519345e-05
 1.01146093e-04 1.06968112e-04 8.87064423e-05 9.00779045e-05
 9.92378672e-05 7.37043126e-05 9.66487693e-05 1.09105793e-04
 8.12317164e-05 9.08789060e-05 9.27697494e-05 1.06015261e-04
 6.47839779e-05 9.93961860e-05 7.80139460e-05 1.01292883e-04
 8.20322145e-05 8.98132589e-05 7.99733816e-05 9.13995940e-05
 1.09665390e-04 1.08878242e-04 7.21458955e-05 8.02903699e-05
 1.00492906e-04 8.25123480e-05 8.76739848e-05 9.38454471e-05
 9.15880533e-05 8.10196203e-05 9.94379981e-05 9.79023160e-05
 8.42175762e-05 6.89827784e-05 1.03495940e-04 7.82987666e-05
 8.92060793e-05 8.64686641e-05 7.53369894e-05 4.10175049e-04
 8.27123517e-05 8.76533923e-05 4.63784693e-04 8.47375891e-05
 1.08443418e-04 6.72130722e-05 7.02859490e-05 7.46290352e-05
 9.70518920e-05 8.16375217e-05 9.81325903e-05 8.72368043e-05
 8.83626579e-05 1.00677358e-04 8.90137295e-05 1.20421039e-04
 9.51514071e-05 1.08828432e-04 7.40826903e-05 8.39862142e-05
 6.49272125e-05 1.12121347e-04 9.51576811e-05 9.12762329e-05
 7.88003479e-05 8.06987420e-05 8.65960733e-05 1.09099203e-04
 9.27224946e-05 6.98230250e-04 7.88368524e-05 8.91877696e-05
 8.85926136e-05 9.42790475e-05 6.05720611e-04 8.71176186e-05
 7.61403698e-05 1.18903062e-04 8.13146653e-05 1.05630340e-04
 5.05323562e-04 9.35583416e-05 9.09738924e-05 1.11538855e-04
 6.10278590e-04 1.16131965e-04 6.51337836e-04 4.25507228e-04
 9.04267625e-05 1.02521046e-04 8.25356835e-05 7.30070861e-05
 5.77289261e-04 7.17330876e-05 9.61729087e-05 7.49436520e-05
 8.20800752e-05 9.86635036e-05 7.87096730e-05 9.69669265e-05
 7.66462300e-05 9.69456993e-05 6.27266602e-04 9.80146700e-05
 1.15046721e-04 9.34664824e-05 7.90159557e-05 8.75322682e-05
 8.92411350e-05 9.22303555e-05 8.26416932e-05 9.19069467e-05
 9.72742664e-05 8.41320401e-05 9.09268603e-05 9.77683519e-05
 1.06863586e-04 8.81170118e-05 7.38168915e-05 7.64794532e-05
 9.15603398e-05 7.96498734e-05 1.12380529e-04 8.28104557e-05
 5.85933725e-04 9.96498593e-05 8.54997216e-05 9.99077085e-05
 9.13716638e-05 6.71270235e-05 9.75825315e-05 8.58095862e-05
 9.32688018e-05 8.83338505e-05 9.29735053e-05 1.11224098e-04
 1.01954357e-04 9.68842368e-05 9.47625409e-05 7.00411946e-05
 5.80300411e-04 8.83664876e-05 7.57267746e-05 9.45893474e-05
 9.36863578e-05 1.27519390e-04 9.00382469e-05 6.52428876e-05
 1.09617147e-04 7.39282275e-05 8.65445478e-05 9.55713027e-05
 9.23102902e-05 7.29067432e-05 9.01310472e-05 9.95778186e-05
 1.15061703e-04 9.48837047e-05 1.10062130e-04 9.53412717e-05
 5.54601821e-04 9.14943459e-05 9.02141688e-05 7.76901158e-05
 9.00928051e-05 1.08971087e-04 6.62720363e-05 7.73384833e-05
 8.59730813e-05 8.48715724e-05 9.01009706e-05 1.02226379e-04
 5.32915896e-04 8.98806316e-05 6.98134556e-05 7.68460852e-05
 9.67752598e-05 1.10939220e-04 6.44772919e-05 8.27507031e-05
 7.51179533e-05 1.10214297e-04 8.91506443e-05 8.31291792e-05
 8.28416955e-05 8.67127022e-05 6.02775858e-05 5.19708898e-04
 7.66807914e-05 1.19395532e-04 9.61769219e-05 1.06685655e-04
 9.56348566e-05 9.67383763e-05 9.27794286e-05 8.06667981e-05
 8.38214999e-05 9.95413577e-05 9.23935497e-05 9.77218488e-05
 9.05493165e-05 8.89126820e-05 8.55187811e-05 8.52464271e-05
 9.48706270e-05 9.05460692e-05 9.49241866e-05 6.51492252e-05
 8.91126500e-05 6.95827988e-05 8.47840860e-05 1.01939746e-04
 6.24937000e-04 7.54960659e-05 1.03669424e-04 9.40533219e-05
 7.49419926e-05 6.99962505e-05 8.06075036e-05 1.17358525e-04
 8.98577925e-05 1.06308292e-04 9.38073559e-05 8.78525289e-05
 1.03373703e-04 7.87555371e-05 8.93348336e-05 8.34140547e-05
 8.33307569e-05 9.46650950e-05 8.82394332e-05 1.08371840e-04
 8.06917887e-05 9.95752645e-05 7.74992028e-05 1.02482053e-04
 7.98224811e-05 8.24665893e-05 9.98637238e-05 5.50107026e-04
 9.66371659e-05 3.90642527e-04 8.87000703e-05 1.02956969e-04
 1.25595323e-04 9.80272767e-05 5.40485281e-04 8.84671783e-05
 1.01133797e-04 8.97897094e-05 8.15162219e-05 7.84997604e-05
 1.34299886e-04 1.00620167e-04 9.88806719e-05 9.73393648e-05
 1.08545933e-04 9.16250266e-05 7.95735711e-05 9.39739244e-05
 6.77266331e-04 6.97224300e-05 9.15450750e-05 9.78400626e-05
 1.08238199e-04 9.42009493e-05 9.37794101e-05 9.49200990e-05
 6.28742411e-05 1.06533285e-04 1.07158186e-04 8.17496097e-05
 7.80538253e-05 7.16819860e-05 9.55025719e-05 8.96724364e-05
 9.03624470e-05 9.17003660e-05 8.09010133e-05 8.42486353e-05
 7.51871193e-05 7.66348576e-05 6.93880692e-05 1.25960321e-04
 8.55297124e-05 9.34013990e-05 8.03809637e-05 8.69151414e-05
 9.27081938e-05 9.74742557e-05 9.65552865e-05 1.15495722e-04
 8.58971483e-05 9.06892513e-05 5.16388937e-04 9.99148660e-05
 7.58605605e-05 7.77016587e-05 9.55563828e-05 9.09706750e-05
 7.18910959e-05 7.33888172e-05 7.40048958e-05 7.82645267e-05
 1.06449458e-04 1.07432692e-04 9.73914806e-05 8.91790476e-05
 8.15279497e-05 8.63166252e-05 9.07372687e-05 9.76620784e-05
 9.23958875e-05 1.04035834e-04 8.49856880e-05 1.09229996e-04
 9.03339843e-05 9.60644074e-05 8.14320980e-05 9.34741867e-05
 7.90030674e-05 6.34216179e-05 8.22782114e-05 5.87005502e-04
 7.95286466e-05 5.10912969e-04 1.02635154e-04 1.29519025e-04
 7.96023986e-05 9.81374952e-05 8.15726498e-05 8.63203663e-05
 8.98599975e-05 7.20726521e-05 7.70235140e-05 8.96168804e-05
 8.08962728e-05 7.54938440e-05 9.29254751e-05 7.63150438e-05
 9.66999353e-05 1.01824147e-04 7.45608158e-05 8.29618209e-05
 8.90645196e-05 7.80217143e-05 1.07209811e-04 1.05837733e-04
 8.74656618e-05 7.78933989e-05 6.67578054e-04 8.88770727e-05
 9.91603213e-05 8.27089073e-05 8.04017509e-05 1.05135858e-04
 8.31836482e-05 8.68262393e-05 7.70101117e-05 7.67903376e-05
 9.16440834e-05 8.27127388e-05 8.90655123e-05 8.16929745e-05
 6.34488980e-05 8.37982320e-05 8.07899603e-05 9.19910021e-05
 7.45338396e-05 9.63475006e-05 8.08097800e-05 6.07244884e-04
 8.34051035e-05 8.99610521e-05 8.88914288e-05 6.37872026e-04
 7.99690368e-05 8.19675752e-05 7.57625842e-05 1.03950165e-04
 7.12637648e-05 7.91241328e-05 8.89884103e-05 1.10934075e-04
 7.40952566e-05 5.79039794e-04 9.67608345e-05 5.98477499e-05
 8.66575828e-05 8.30797914e-05 9.65628750e-05 8.08879619e-05
 6.94600422e-05 7.61306381e-05 8.22065808e-05 9.47633778e-05
 9.83889905e-05 6.84956427e-04 9.36433196e-05 8.02650933e-05
 8.14166353e-05 1.05799402e-04 7.36513419e-05 6.82549152e-05
 9.62904355e-05 9.89361453e-05 6.44812004e-05 1.20270454e-04
 7.48581480e-05 9.08524552e-05 8.87001000e-05 9.52674119e-05
 8.34108217e-05 9.81092792e-05 9.77565595e-05 1.00339359e-04
 7.60358294e-05 1.03873378e-04 8.83993124e-05 1.07756662e-04
 1.01492589e-04 8.69823388e-05 9.19741665e-05 8.87553915e-05
 6.91481664e-05 1.01555902e-04 9.73032093e-05 9.44218179e-05
 8.44643186e-05 8.43803441e-05 9.29411232e-05 7.51525565e-05
 9.39434728e-05 6.32885771e-05 7.49423609e-05 1.03637641e-04
 8.85198316e-05 1.05879408e-04 9.98153595e-05 9.09312701e-05
 9.03188862e-05 7.91621655e-05 7.86490065e-05 9.45101513e-05
 9.84637821e-05 1.02320888e-04 8.04930726e-05 6.31089828e-05
 9.25949046e-05 8.51320097e-05 8.12683141e-05 1.03503888e-04
 9.25548412e-05 8.62620638e-05 6.70465126e-05 8.43128360e-05
 7.45040430e-05 7.61432176e-05 7.77578111e-05 1.28102900e-04
 9.88704277e-05 8.77439099e-05 9.45727638e-05 9.55797379e-05
 1.05925359e-04 5.33621022e-04 9.45751840e-05 9.30186489e-05
 9.96225444e-05 1.17520270e-04 1.00671507e-04 1.15774555e-04
 1.03630365e-04 1.10418107e-04 1.25033744e-04 1.07645392e-04
 1.08992720e-04 9.90798885e-05 8.27155892e-05 9.27446298e-05
 1.04463314e-04 1.15559689e-04 1.04718586e-04 7.19472428e-05
 1.08005300e-04 9.07021032e-05 9.93385298e-05 8.86020596e-05
 8.52527437e-05 1.00707745e-04 9.36027643e-05 9.10352828e-05
 7.08963352e-04 9.79464427e-05 7.33906536e-05 8.94883239e-05
 7.94399330e-05 8.08240306e-05 8.76809229e-05 8.91322486e-05
 8.15046580e-05 9.46039075e-05 8.46973182e-05 1.03481353e-04
 7.41891826e-05 1.10449823e-04 7.44225630e-05 9.02422631e-05
 8.88955152e-05 7.34000294e-05 5.86016711e-04 9.31260369e-05
 7.04572125e-04 7.16146751e-05 8.48145893e-05 9.58978626e-05
 8.65906787e-05 1.10252559e-04]