[5.39799132e-04 5.23771777e-04 4.18640508e-05 4.39623029e-05
 7.76107020e-05 5.13464215e-05 6.00016382e-05 8.77641959e-05
 5.36557751e-05 6.72477651e-05 5.74435472e-05 6.01117885e-05
 7.31543597e-05 8.28416444e-05 8.68355815e-05 4.93187805e-05
 6.14965289e-05 5.30152779e-05 7.07694868e-05 7.10094423e-04
 5.05233263e-05 6.52779454e-05 8.44890993e-05 3.22102779e-05
 4.15990798e-05 9.05731006e-05 5.92620819e-05 8.28983885e-05
 4.67480966e-05 7.62519188e-04 4.19461210e-05 5.12462151e-05
 5.55953390e-05 4.20363462e-05 4.57203645e-05 7.11184883e-05
 3.94742110e-05 5.71267549e-05 5.62053058e-05 5.14166487e-05
 2.88892090e-05 6.74043674e-05 8.28287269e-05 6.28616684e-05
 4.84812345e-05 7.19109520e-05 5.76429162e-05 6.35240248e-05
 7.09078277e-05 5.62425740e-05 8.15556060e-05 5.49663780e-05
 7.08964334e-05 7.53737283e-05 7.01782899e-05 6.58720585e-05
 4.34740634e-05 5.24093687e-05 4.33675487e-05 6.85090979e-04
 4.80264804e-05 5.99912714e-05 6.77888690e-05 4.18498206e-05
 5.92947725e-05 5.55938878e-05 6.72545094e-05 4.41979518e-05
 5.57393727e-05 5.93893782e-05 8.29707828e-05 5.63984095e-05
 5.47865945e-04 6.11087109e-05 4.84512250e-05 7.50613954e-05
 5.88965441e-05 4.83423303e-05 8.88181442e-05 4.79446766e-05
 8.15641759e-05 4.43033508e-05 8.21175316e-05 3.43087977e-05
 5.11577868e-05 6.88179075e-05 5.03677728e-05 8.46010948e-05
 6.26945538e-05 5.26347646e-05 5.97254961e-05 6.08360592e-05
 7.42580936e-05 5.64413370e-05 7.23551331e-05 7.07914027e-05
 5.57257218e-04 7.29354323e-05 9.60402550e-05 7.25822055e-05
 7.00992637e-05 7.84532324e-05 3.64160209e-05 5.70907310e-05
 8.00577414e-05 6.94650715e-05 3.47933240e-05 4.48809574e-05
 6.72467307e-05 7.75694723e-04 6.46526137e-05 5.76206225e-05
 8.11507530e-05 6.77362485e-05 6.70065978e-04 4.97179184e-05
 3.50615036e-05 8.78701618e-05 6.31834214e-05 5.53040432e-05
 7.03591047e-05 8.41317923e-05 3.84633750e-05 7.74026846e-05
 7.00327415e-05 6.56854193e-05 6.81757681e-05 4.68288745e-05
 4.26770671e-05 6.40082571e-05 5.46717391e-05 6.03634068e-05
 3.96189187e-05 4.89037274e-05 5.32357915e-05 7.98013380e-05
 4.32240497e-05 6.82215699e-05 6.95427166e-05 6.48198769e-05
 6.00114497e-05 5.77493766e-05 5.93296824e-04 4.24845784e-05
 5.27892290e-05 6.09838990e-05 4.05448470e-05 5.36082935e-05
 3.99626223e-05 7.19136429e-05 3.46919714e-05 6.53917765e-05
 2.95566424e-05 6.44299619e-04 5.91001836e-05 3.36065030e-05
 5.50123889e-04 9.03315264e-05 5.32048860e-05 6.79632712e-05
 6.76894070e-05 9.67100463e-05 5.43647390e-05 2.26709486e-05
 7.56930090e-05 4.83733085e-05 5.69255043e-05 5.30121561e-05
 6.44594713e-05 4.13436806e-05 7.31015021e-05 8.47860676e-05
 5.28926104e-04 6.81274736e-05 5.57680305e-05 5.65295765e-05
 5.21808357e-05 5.74222614e-05 7.84882605e-05 7.45274908e-05
 4.84365159e-05 6.28004649e-05 6.33623901e-05 8.02692238e-05
 3.79161478e-05 9.08950420e-05 3.94549268e-05 4.64325937e-05
 6.07346200e-05 5.58653044e-04 8.52100733e-05 7.61252790e-05
 5.33697616e-05 6.68864204e-05 5.85499092e-05 8.00127461e-05
 6.20346480e-04 9.94382635e-05 7.51585396e-05 6.01770035e-05
 5.35062784e-05 4.32744007e-05 6.48876729e-05 5.50875351e-04
 7.49758830e-05 5.39814934e-05 7.89157882e-05 7.20259826e-04
 3.46412140e-05 7.22020872e-05 8.43133511e-05 7.90580801e-05
 4.14312390e-05 4.14234633e-05 5.79194970e-05 6.37321301e-05
 7.01686241e-04 5.36675810e-05 2.68288308e-05 7.13590807e-04
 6.39808085e-05 7.29438165e-05 6.63246217e-05 6.99735671e-05
 7.84723585e-05 8.60957159e-05 7.84178113e-05 4.50068050e-05
 7.16137779e-05 7.37657963e-04 4.76262303e-05 5.62004022e-05
 7.46907603e-04 8.62513775e-05 4.36688787e-05 4.51636592e-05
 7.33380214e-05 5.45909528e-04 7.16160230e-05 3.67041159e-05
 3.95725043e-05 7.11826227e-05 7.40225156e-05 2.91716959e-05
 4.74521470e-05 6.08348571e-05 2.85307896e-05 7.65549130e-05
 5.25151595e-05 1.01414426e-04 3.35652217e-05 8.13153585e-05
 4.72036695e-05 5.02986196e-05 5.90672014e-05 9.18665807e-05
 5.18629972e-05 5.32108440e-05 6.95308932e-05 6.21372110e-04
 9.21983471e-05 5.35491923e-05 5.74959522e-05 6.99436376e-05
 3.70742764e-05 5.71721061e-05 5.61622728e-05 4.07167867e-05
 6.33539196e-05 6.87557614e-05 7.86112050e-05 8.12779971e-05
 4.85172428e-05 3.29656666e-05 6.01433434e-05 5.76780289e-05
 6.67319078e-05 5.83883989e-05 4.23137874e-05 4.90782847e-05
 8.39189293e-05 7.53362167e-05 4.85559388e-05 6.37759282e-05
 5.54483069e-05 6.01049586e-05 5.95774730e-05 5.83631681e-05
 5.50152258e-05 7.04229546e-05 6.33320880e-05 4.95188062e-05
 4.71224163e-05 5.41658096e-05 6.22676056e-04 7.91654170e-05
 7.00975009e-05 4.72157196e-05 4.42301432e-05 4.05783568e-05
 6.81315708e-05 7.83840102e-05 7.08347938e-05 4.96860496e-05
 5.71063230e-05 6.99827853e-05 4.16470753e-05 6.69140463e-05
 5.69021560e-05 7.13202550e-05 5.04005087e-05 4.03600421e-05
 4.84421846e-05 5.67982378e-05 7.58459039e-04 6.73510666e-05
 4.03850470e-05 4.34248651e-05 6.34621221e-05 5.28408968e-05
 7.91763238e-05 6.12784624e-05 5.69034712e-05 8.41521105e-05
 5.79447720e-05 6.64691644e-05 5.50632615e-05 5.62050572e-05
 4.88190419e-05 5.64476387e-05 5.98058117e-05 5.59244150e-05
 6.33210129e-05 5.86854126e-05 5.39672882e-05 5.05099395e-05
 4.80293871e-05 6.24405214e-05 6.10718852e-05 7.69624715e-05
 4.91954899e-05 5.66278784e-05 7.47847537e-05 8.03228040e-05
 7.80032862e-05 9.23933773e-05 2.57616572e-05 3.43203128e-05
 5.40024125e-05 5.39329240e-05 4.28667229e-05 6.20330310e-05
 8.56747373e-05 4.29343941e-05 7.49916264e-05 5.08599597e-05
 6.14202151e-05 5.36423276e-05 6.90220898e-05 5.99380037e-05
 6.26900501e-04 7.89195249e-05 5.31450037e-05 6.42897252e-05
 3.71647853e-05 8.73367163e-05 4.78016055e-05 4.48020022e-05
 4.17262238e-05 6.38170200e-05 5.56524756e-05 3.32662155e-05
 4.25189766e-05 6.74719006e-05 6.58515825e-05 6.87377551e-05
 7.74400276e-05 4.99180290e-05 5.94351193e-05 9.68575245e-05
 5.91080132e-05 6.51544756e-05 5.22836255e-05 5.99952027e-04
 3.29008220e-05 6.76621362e-04 5.85720698e-05 4.94924010e-05
 6.58103996e-05 8.11574599e-05 6.43498028e-05 5.67447631e-05
 7.25832635e-05 6.86622182e-05 6.83317858e-05 3.20208900e-05
 6.11643415e-05 4.58683000e-05 4.38823683e-05 4.62614149e-05
 6.82249579e-05 8.10665324e-05 7.96316671e-04 3.90532726e-05
 6.45120949e-05 6.33071606e-05 7.25791802e-05 6.05254090e-05
 7.06089723e-05 4.64674180e-05 8.77399733e-05 8.44498220e-05
 6.22309652e-05 6.81743744e-05 6.84060294e-05 4.30075316e-05
 7.74378892e-05 9.61375242e-05 9.44352749e-05 7.44960448e-05
 7.21225603e-05 6.82831466e-05 8.54300467e-05 5.94474969e-05
 9.82330244e-05 7.47834727e-05 8.43469245e-05 5.47471238e-05
 6.57284655e-05 7.14424657e-05 3.22759042e-05 5.57308542e-05
 7.21796164e-05 8.15261392e-05 4.64421995e-05 4.46333294e-05
 7.00348065e-05 4.35541066e-05 4.56673927e-05 7.08036403e-05
 7.11978882e-05 7.30801429e-05 4.53913011e-05 5.44455975e-04
 6.84146439e-05 6.21459859e-05 9.39306016e-05 5.66025353e-05
 7.30846433e-05 4.56834784e-05 5.54846064e-05 6.76684444e-05
 9.16823543e-05 7.59323642e-05 6.17483920e-05 5.89985195e-05
 5.86488084e-05 4.67207989e-05 6.61623963e-05 5.08362794e-05
 6.39682630e-05 1.12358082e-05 5.88356396e-05 6.31580088e-05
 5.50977677e-04 5.76346483e-05 6.38176036e-05 4.77320269e-05
 8.17967849e-04 6.16851682e-05 6.39321297e-05 4.12362901e-05
 6.52786441e-05 3.32207858e-05 6.33132918e-05 5.29189182e-05
 4.99184528e-05 8.08721339e-05 5.39495546e-05 6.08910375e-05
 6.83680619e-05 7.66779529e-05 6.95140340e-05 1.15443654e-04
 4.96786047e-05 5.38900109e-05 7.50526779e-05 5.87969897e-05
 4.40347531e-05 4.52787327e-05 6.18738163e-05 6.62307484e-05
 6.07351238e-05 4.50061387e-05 4.32758956e-05 6.95285888e-05
 6.69187384e-05 8.04350904e-05 6.22256983e-05 4.11609525e-05
 7.39222367e-05 4.52968672e-05 4.30322613e-05 4.55153454e-05
 5.30467018e-05 5.24404731e-05 2.85498653e-05 1.00580300e-04
 7.68017478e-05 5.06677315e-05 5.41942507e-05 5.72155867e-05
 7.31975868e-05 5.84652483e-05 5.16837632e-05 4.38684939e-05
 4.93759722e-05 6.12202335e-05 6.27702625e-05 5.67469924e-04
 6.41072930e-05 3.87855200e-05 4.44564719e-05 5.76631191e-05
 5.03585791e-05 8.24162440e-05 7.54561041e-05 7.33329763e-05
 6.78335067e-05 9.04022824e-05 5.33380699e-05 5.45103731e-05
 6.40186404e-05 7.77674694e-05 6.09171718e-05 6.04620114e-05
 5.82533827e-05 5.86662057e-05 4.67165519e-05 4.13740240e-05
 7.07281179e-05 6.19519705e-05 5.02696166e-05 7.49319042e-05
 5.00049592e-05 7.71480563e-05 6.84774921e-05 5.45428023e-05
 7.69625482e-04 4.06741543e-05 4.72599681e-05 5.07937165e-05
 7.21236539e-04 7.43684110e-05 8.58455172e-05 6.06691633e-05
 5.85804244e-05 5.61907074e-05 7.51509119e-05 6.47762931e-05
 6.39479766e-05 6.99925571e-05 6.40029999e-05 5.05366606e-05
 4.46704411e-05 6.36594907e-05 5.37084616e-05 8.91095218e-05
 5.97695979e-05 5.48887749e-05 5.64973061e-04 5.54596225e-05
 6.93273154e-04 6.26216058e-05 8.11597444e-05 7.31373498e-05
 7.70682698e-05 7.45933690e-05 5.66282374e-05 6.94623700e-05
 5.47431167e-05 5.18254630e-05 9.92436597e-05 5.41800411e-05
 7.01814029e-05 7.32989280e-05 5.69111715e-05 1.00278946e-04
 5.75559309e-05 5.75975933e-05 8.20941223e-04 6.89470059e-05
 8.41624851e-05 7.40609053e-05 5.76447793e-05 4.46030783e-05
 4.94584653e-05 5.83219374e-05 4.02174323e-05 6.07934324e-05
 7.15726756e-05 3.98036983e-05 4.76505279e-05 6.26629601e-05
 4.52435377e-05 8.10477804e-05 6.44189174e-04 5.80344037e-05
 9.38584443e-05 7.24392345e-05 5.70975805e-05 4.77394429e-05
 4.18780061e-05 8.52926765e-05 6.35689050e-05 6.86661256e-04
 9.92530144e-05 5.74563738e-05 8.90942868e-05 5.44812937e-05
 6.02100098e-05 8.16429710e-05 7.37763243e-05 2.29562406e-05
 7.78706350e-05 3.83093887e-05 8.33907577e-04 5.75902175e-04
 6.95258128e-05 7.26560485e-05 8.60498858e-05 4.64532662e-05
 7.99623271e-05 7.86353352e-05 8.17050972e-05 4.70680726e-05
 3.29033282e-05 4.90302242e-05 7.21789463e-05 5.30942352e-05
 5.73983088e-05 3.93474304e-05 7.74078319e-04 7.10726041e-04
 6.72275104e-05 5.80933128e-05 7.89550361e-05 3.96955978e-05
 5.58096291e-05 4.62546190e-05 6.43534793e-05 7.64339122e-05
 7.20582570e-05 8.65024283e-05 3.51939738e-05 7.94501387e-05
 5.15407851e-04 7.21869248e-05 5.88355821e-05 3.51952638e-05
 5.82863433e-05 6.45422732e-04 4.74556594e-05 4.05757187e-05
 4.74864921e-05 6.78180936e-05 9.07060117e-05 3.32756721e-05
 4.95307400e-05 6.98346150e-05 7.43744461e-04 6.74742544e-05
 5.77710036e-05 6.72868204e-04 4.49531122e-05 8.53823913e-05
 4.83864071e-05 6.03354207e-05 7.23405274e-05 7.31697560e-04
 5.01081867e-05 5.30761102e-05 6.46231231e-05 4.43670829e-05
 6.45137328e-05 9.79168633e-05 6.43306860e-04 8.14674601e-05
 6.15829395e-05 6.90025158e-05 4.78167344e-05 9.89311729e-05
 5.07106663e-05 5.73822632e-05 7.95334889e-05 5.24846284e-05
 5.46931526e-05 5.33973844e-05 5.51250383e-05 4.01301593e-05
 5.91237981e-05 4.73960351e-05 7.78094395e-05 4.16891296e-05
 5.83562403e-05 5.31641846e-05 5.62843874e-05 8.40433626e-05
 5.50607354e-05 8.23637187e-05 6.44396071e-05 6.59677491e-05
 4.25548737e-05 5.04961574e-05 5.21273412e-05 1.21210168e-04
 6.35779874e-05 5.76669524e-05 4.03566204e-05 6.88345858e-04
 6.51976041e-05 4.87247790e-05 3.79750710e-05 6.70344489e-05
 8.25322115e-04 4.09001744e-05 5.61839330e-05 4.87067340e-05
 5.24118455e-05 7.40379116e-05 8.74844092e-05 6.37912281e-05
 6.29532362e-05 6.75389171e-05 6.79649445e-05 7.97332198e-05
 5.96577351e-05 6.35697294e-05 7.57058988e-05 6.70875468e-05
 7.77468943e-05 6.13974735e-05 6.44124850e-05 5.82590906e-04
 6.30974329e-04 7.48871423e-05 5.70046855e-05 6.22409416e-05
 7.06173082e-05 7.20723220e-05 5.18044840e-05 8.46276321e-05
 5.02126626e-05 7.30025836e-04 6.20705211e-05 6.26331225e-05
 7.66925719e-05 7.44997203e-05 7.76100345e-05 5.87256289e-05
 4.66730085e-05 6.65228145e-05 4.00524564e-05 7.84017431e-05
 6.64723552e-05 8.18876161e-05 5.13208886e-05 3.39695260e-05
 6.95179717e-05 6.96784092e-05 4.89141055e-05 6.36052760e-05
 7.60599088e-05 5.88253360e-05 6.50979104e-05 6.19085945e-05
 8.18557963e-05 6.29352442e-04 8.68597546e-05 6.89786832e-05
 5.71215921e-04 8.38894273e-05 4.58160414e-05 4.84154127e-05
 5.02275314e-05 4.96390836e-05 6.28664414e-05 7.46844018e-05
 4.80158321e-05 5.87183781e-05 5.52700075e-05 4.95871581e-05
 4.18590872e-05 5.38784376e-05 7.06072922e-05 4.94490831e-05
 6.04403353e-05 4.92627885e-05 6.30571366e-05 4.71202739e-05
 6.02874891e-05 2.70001091e-05 7.94966513e-05 4.94843980e-05
 5.39643004e-05 5.91009425e-05 4.84717572e-05 4.05863965e-05
 6.19394709e-05 3.66770728e-05 4.15661154e-05 6.28936986e-05
 4.85273895e-05 6.64253689e-05 4.99657009e-05 5.56216151e-05
 6.32767091e-05 5.00801043e-04 4.65422749e-05 6.08455407e-05
 6.27543733e-05 5.08876447e-05 5.96485499e-05 6.15829661e-05
 3.16561614e-05 6.68729196e-05 5.34225414e-05 4.16843713e-05]