[0.00000000e+00 7.41552801e-04 5.89921061e-05 7.59404847e-05
 7.03225082e-05 4.41220274e-05 2.14664290e-05 5.24355459e-05
 6.59641374e-05 5.56980955e-05 7.06204723e-05 6.52734691e-05
 6.75678931e-05 6.93148974e-05 6.07050875e-05 5.15028897e-05
 3.45331743e-05 3.15163883e-05 8.78598548e-05 3.98625805e-05
 7.55197203e-05 4.41919532e-05 8.52100834e-04 3.78316476e-05
 5.77062038e-05 5.89743704e-05 3.58195594e-05 4.31473238e-05
 6.02926868e-05 3.19546911e-05 4.02537759e-05 4.72867600e-05
 5.56406790e-05 4.43395818e-05 6.42523885e-05 8.92268180e-04
 6.21904981e-05 5.49721232e-05 3.79771145e-05 3.33556646e-05
 6.18256417e-05 5.34044954e-05 5.74628063e-05 9.29513068e-05
 4.33389878e-05 4.49133779e-05 5.27905717e-05 3.80802279e-05
 6.61465456e-05 5.45229480e-05 6.37742355e-05 4.23736494e-05
 5.38675377e-05 4.05413992e-05 4.85179434e-05 5.79162102e-05
 7.78360493e-04 6.35842594e-05 7.07376485e-05 5.35240258e-05
 4.71617647e-05 4.94267139e-05 5.03977043e-05 3.95539287e-05
 4.65920915e-05 4.79753954e-05 6.69098125e-05 4.05682366e-05
 5.37358577e-05 4.19515672e-05 4.35001345e-05 5.25824632e-05
 4.72589144e-05 4.81922643e-05 6.81472343e-04 4.03937949e-05
 6.66683381e-05 4.94372970e-05 3.10647243e-05 4.99854094e-05
 4.94858655e-05 3.81055196e-05 4.77552023e-05 5.14918428e-05
 6.45347219e-05 6.08901705e-05 5.52614246e-05 6.65020392e-04
 4.47381735e-05 2.29317509e-05 4.79993149e-05 4.83047962e-05
 5.32762472e-05 5.84167734e-05 4.11876350e-05 3.45458171e-05
 4.71600058e-05 6.25529424e-05 2.79426339e-05 3.39885643e-05
 5.31129309e-05 4.87395546e-05 6.96303981e-04 4.79689126e-05
 3.27791797e-05 5.16786870e-05 5.44244687e-05 6.24868838e-05
 5.60681916e-05 3.45175968e-05 6.06965091e-05 4.49047274e-05
 2.73508935e-05 8.36247096e-05 3.61105476e-05 4.07538156e-05
 9.15957003e-04 7.82142377e-05 5.40457798e-05 6.89925083e-05
 6.06620487e-05 4.76041623e-05 6.31852117e-05 5.07769980e-05
 4.76344132e-05 4.98331051e-05 5.25582541e-05 4.75077107e-05
 5.81081675e-05 6.11311926e-05 4.47845949e-05 7.67891987e-04
 6.06254465e-05 4.94481385e-05 5.11128553e-05 5.77413307e-05
 3.65487004e-05 5.33396531e-05 4.38768386e-05 6.34340116e-05
 6.83288669e-05 5.06040729e-05 6.19898204e-05 7.24069591e-04
 5.64539526e-05 4.28021679e-05 3.83648454e-05 4.06009359e-05
 4.80560539e-05 4.99281143e-05 1.02917516e-03 6.16474419e-05
 5.68641492e-05 2.85409029e-05 5.13171597e-05 3.67228451e-05
 7.21736845e-05 6.45471883e-05 3.81529698e-05 6.91460987e-05
 3.75429916e-05 7.31230690e-05 5.11940697e-05 5.05336011e-05
 5.78624648e-05 8.07628704e-05 3.51548820e-05 4.12238610e-05
 5.63162341e-05 5.48009004e-05 8.40619079e-05 4.56918638e-05
 5.55438702e-05 4.16991829e-05 4.46242650e-05 4.21830917e-05
 5.30984599e-05 5.10151209e-05 5.78139075e-05 3.42358849e-05
 6.29000326e-04 5.10281610e-05 6.96661443e-05 7.16968099e-05
 4.37434802e-05 5.92601100e-05 4.30969565e-05 4.45069173e-05
 4.36053866e-05 6.60560058e-05 3.72235216e-05 4.31927743e-05
 4.06397183e-05 3.65404604e-05 6.03625887e-05 3.96706639e-05
 7.94533437e-05 5.85589548e-05 5.55804232e-05 5.66533927e-05
 5.84559347e-05 4.09004839e-05 6.26255421e-05 6.86995337e-05
 4.87223875e-05 2.97166809e-05 7.00034367e-04 4.25655678e-05
 5.19652179e-05 3.29578365e-05 6.32604442e-05 5.50036421e-05
 4.56533091e-05 5.16604827e-05 6.87633377e-04 7.44393180e-05
 7.06477132e-05 6.77255695e-05 3.06625571e-05 5.51654006e-05
 3.30845829e-05 3.48976721e-05 4.38535820e-05 5.66592128e-05
 4.93256658e-05 7.46800341e-05 3.74395694e-05 6.17740696e-05
 5.11136892e-05 1.00755695e-03 7.56606270e-05 4.76500989e-05
 5.27332095e-05 9.76899120e-04 6.41879384e-05 6.43023564e-05
 4.77239170e-05 2.09402841e-05 6.22480017e-05 6.79654535e-05
 5.26376907e-05 6.42600640e-05 9.13311603e-04 1.61818025e-05
 4.64624288e-05 6.24176234e-05 8.00014742e-05 7.57162864e-05
 6.34602567e-05 5.45761403e-05 5.32888240e-05 9.78334458e-04
 5.72484594e-05 6.62445372e-05 2.28145463e-05 7.48912992e-05
 4.74659992e-05 6.70177002e-05 4.59304274e-05 7.78486392e-04
 9.51718699e-04 6.39647960e-05 6.65210020e-05 5.85713474e-05
 6.51959048e-05 5.19545976e-05 6.40227480e-05 7.49186650e-05
 4.49092783e-05 5.33891181e-05 4.49364655e-05 2.72313024e-05
 3.26712788e-05 6.18353700e-05 2.94867795e-05 4.95083764e-05
 4.74060768e-05 5.57758177e-05 2.66671506e-05 8.24243030e-05
 4.47360110e-05 5.12511523e-05 6.27598158e-05 3.71731949e-05
 5.26339795e-05 5.40887176e-05 8.20242248e-05 7.02423895e-05
 4.98417497e-05 5.31538806e-05 5.16305090e-05 5.55760837e-05
 7.14006755e-05 6.57326696e-05 5.69619956e-05 5.39914570e-05
 5.73550574e-05 8.91806596e-04 3.63502453e-05 4.91449689e-05
 3.68630647e-05 5.43520096e-05 5.95017592e-05 4.70912410e-05
 4.40125310e-05 5.81831250e-05 6.02389587e-05 4.09878162e-05
 5.32306479e-05 3.35450703e-05 4.54573436e-05 3.73075054e-05
 7.31873098e-04 5.67292600e-05 5.62205178e-05 2.43263087e-05
 4.07377570e-05 4.83043678e-05 4.26306761e-05 5.37136257e-05
 6.08671881e-05 4.16639472e-05 4.66751411e-05 8.26301120e-05
 9.20235508e-04 5.00410774e-05 4.99616991e-05 5.95097933e-05
 4.08323700e-05 3.35103784e-05 9.26612282e-04 5.73036013e-05
 5.61015960e-05 7.48107204e-04 4.61937993e-05 8.21589418e-04
 4.52597055e-05 6.02011618e-05 7.73227742e-05 6.85042847e-05
 5.74128775e-05 5.78858080e-05 8.18499807e-04 4.89691562e-05
 7.23280925e-05 5.33496055e-05 7.94740470e-05 4.62029811e-05
 6.13649582e-05 6.36805176e-05 3.43450621e-05 5.11298238e-05
 7.00073049e-05 7.03427199e-05 5.15794812e-05 5.92052941e-05
 4.65428667e-05 2.99999125e-05 4.67470355e-05 7.48169097e-05
 9.19124129e-04 2.34284195e-05 4.76006288e-05 7.29428570e-05
 5.76143660e-05 6.06945655e-05 6.50155323e-05 6.08016573e-05
 1.19876001e-03 6.20420248e-05 4.93360166e-05 3.52650163e-05
 3.37672664e-05 4.86366399e-05 5.91261637e-05 4.50846474e-05
 5.14921423e-05 3.41723439e-05 7.78957291e-05 3.69463066e-05
 7.00502246e-04 2.51460779e-05 5.17359884e-05 3.74340413e-05
 7.15145598e-05 5.45228117e-05 3.19392442e-05 5.11180629e-05
 5.10149969e-05 6.40561986e-05 6.93463450e-05 4.51393963e-05
 4.51401562e-05 5.70777325e-05 5.20784122e-05 2.65446187e-05
 6.44341039e-05 7.19817936e-05 5.51687545e-05 3.84041886e-05
 4.28087872e-05 3.72220995e-05 7.14047120e-05 4.58741471e-05
 5.55520440e-05 3.97747840e-05 7.29281619e-05 5.59887956e-05
 5.02093942e-05 3.89738828e-05 5.05517477e-05 5.46550414e-05
 6.19517626e-05 6.78800340e-04 5.28489578e-05 7.47840091e-05
 4.37290295e-05 7.87537278e-05 6.34146201e-05 5.82816227e-05
 3.86815206e-05 3.21837295e-05 3.26995519e-05 6.33796852e-05
 3.39878758e-05 3.56524682e-05 3.37966720e-05 4.82572448e-05
 7.83456971e-04 5.35733295e-05 7.11098029e-05 7.86042043e-05
 4.25848359e-05 3.68861107e-05 7.02651227e-05 6.13591902e-05
 7.13752990e-05 6.05020145e-05 4.78252985e-05 5.14522606e-05
 5.54990857e-05 5.09152134e-05 4.49018172e-05 7.65285192e-05
 4.71730809e-05 8.60597522e-05 6.86701832e-05 3.67025455e-05
 6.23543533e-05 4.17805459e-05 4.32839508e-05 5.92169452e-05
 6.35630444e-05 6.56718021e-05 4.96853403e-05 5.06331458e-05
 4.75995537e-05 3.09667221e-05 6.35107951e-05 5.12091652e-05
 5.73869081e-05 5.12150514e-05 4.71111760e-05 5.84756196e-05
 5.26618015e-05 3.83565412e-05 6.58047577e-05 3.33572017e-05
 5.83407971e-05 7.33311081e-05 5.96720531e-05 2.51571711e-05
 5.22726855e-05 7.86522978e-05 5.17893905e-05 7.48984638e-04
 5.12490316e-05 5.24088403e-05 4.62008201e-05 4.45791191e-05
 5.34810879e-05 4.62821967e-05 9.74784116e-04 5.82308877e-05
 5.33440974e-05 5.52544891e-05 4.26046107e-05 4.04604054e-05
 6.90705383e-05 2.76242923e-05 3.90447379e-05 3.79105881e-05
 4.92939290e-05 3.95199156e-05 6.93705016e-05 2.45861722e-05
 4.22793620e-05 4.00464945e-05 5.26541998e-05 3.77716446e-05
 5.37350053e-05 5.68388554e-05 4.81049335e-05 8.37650595e-04
 5.73309716e-05 5.00998275e-05 3.82262698e-05 3.66470605e-05
 6.94369698e-05 7.42047104e-05 3.99018657e-05 6.38234147e-05
 4.62605855e-05 5.82441051e-05 6.06689472e-05 3.76476417e-05
 7.20748542e-05 6.92566336e-04 3.76563547e-05 4.58735325e-05
 4.76167783e-05 5.55409807e-05 6.88573296e-05 5.14941865e-05
 4.69755270e-05 4.37839797e-05 4.46044245e-05 4.97452716e-05
 5.82367775e-05 3.83950691e-05 4.03456713e-05 4.24368591e-05
 4.90164623e-05 4.28165042e-05 3.24993640e-05 5.75925920e-05
 4.65914619e-05 4.78951034e-05 4.11941733e-05 7.02200099e-05
 6.41596156e-05 4.69971043e-05 3.57987847e-05 7.11590036e-05
 7.47830734e-05 6.54891322e-05 5.37575462e-05 4.29672759e-05
 3.76340645e-05 4.46726615e-05 6.33042984e-05 6.34786225e-05
 4.73893435e-05 4.09115937e-05 2.91159137e-05 8.37809848e-04
 8.77518169e-05 2.93966225e-05 6.24430103e-05 6.09349434e-05
 7.59064794e-05 5.06143530e-05 3.51578520e-05 5.17967062e-05
 7.33730612e-05 5.31806011e-05 4.75862513e-05 5.39143938e-05
 5.97698036e-05 6.84640271e-05 8.70633079e-04 5.81206140e-05
 5.33552835e-05 5.30748788e-05 4.84005059e-05 5.15605756e-05
 5.90720149e-05 4.90582936e-05 5.91222316e-05 7.26378692e-05
 6.67426787e-04 6.71979679e-05 3.90466157e-05 3.16765226e-05
 6.93100459e-05 4.02221789e-05 5.18782279e-05 9.30915840e-05
 7.60209434e-05 7.19462070e-05 4.25274655e-05 4.85682670e-05
 5.28178055e-05 6.24966053e-05 6.39984824e-05 4.32239571e-05
 9.03390854e-04 8.63343709e-05 5.07180715e-05 8.65987652e-04
 6.61398034e-05 4.60163391e-05 6.99847025e-05 4.16671418e-05
 6.53222911e-05 4.03542467e-05 6.05379812e-05 4.80101232e-05
 4.33861824e-05 4.48668640e-05 3.92483017e-05 5.81701060e-05
 4.45643644e-05 5.22364219e-05 7.21966060e-05 4.18530117e-05
 4.82888409e-05 4.18551414e-05 7.41516023e-05 4.03630268e-05
 5.71409732e-05 5.07928484e-05 5.80282690e-05 5.02772125e-05
 4.28495849e-05 6.01014307e-05 7.33412447e-05 4.20299842e-05
 6.66560352e-05 4.21540986e-05 1.10271650e-03 4.87331990e-05
 5.86474848e-05 4.17030014e-05 6.78539186e-05 5.14058279e-05
 6.65818985e-05 4.15959165e-05 3.24849489e-05 4.34069726e-05
 4.38227260e-05 6.34144388e-05 3.78624520e-05 6.00616440e-05
 3.11211834e-05 6.18402126e-05 5.52127678e-05 4.18732888e-05
 7.52533240e-04 7.87436342e-05 4.24664673e-05 1.31796351e-05
 6.74559242e-04 5.53277541e-05 4.99880156e-05 5.10376438e-05
 5.15901525e-05 5.64832430e-05 3.02527553e-05 4.36083551e-05
 3.29571884e-05 5.36332357e-05 4.70973561e-05 3.12666031e-05
 4.36738699e-05 2.94154836e-05 8.95783454e-05 5.82072689e-05
 4.69706505e-05 6.42323094e-05 7.23207533e-05 3.49942641e-05
 5.54541476e-05 7.12631229e-05 3.82333619e-05 2.40913521e-05
 6.15559419e-05 4.80275693e-05 9.06239319e-04 4.27426814e-05
 7.43239979e-05 7.96068916e-05 5.52774659e-05 3.76843348e-05
 7.13784689e-04 5.85921734e-05 6.50473860e-05 6.92781520e-05
 3.79422329e-05 7.75777929e-05 5.78722265e-05 7.69635393e-04
 5.53051339e-05 8.22223634e-04 5.86913996e-05 4.96872162e-05
 4.99137372e-05 5.97567644e-05 4.90119703e-05 5.76642727e-05
 6.64867137e-05 4.71688846e-05 5.67029495e-05 4.63574833e-05
 6.00365002e-05 5.91810268e-05 3.48830037e-05 5.76555475e-05
 5.56393321e-05 3.43884068e-05 3.89715138e-05 4.87266136e-05
 5.28654024e-05 3.83139005e-05 3.70580343e-05 7.08516457e-05
 6.33625501e-05 6.54833814e-05 5.55568300e-05 3.84562156e-05
 4.33109835e-05 4.46703992e-05 2.50886462e-05 6.05959471e-05
 3.10601394e-05 5.80450003e-05 6.82465373e-05 5.06475778e-05
 7.04307963e-05 5.87317814e-05 5.70585883e-05 7.77651316e-05
 8.45894079e-04 5.48941213e-05 6.94090657e-05 4.12838337e-05
 4.71335340e-05 7.21328491e-05 3.09089935e-05 4.62367538e-05
 5.49102942e-05 9.29604141e-04 3.64880372e-05 5.31712986e-05
 4.03761665e-05 7.23767516e-05 7.12458466e-05 5.23685512e-05
 4.73911569e-05 7.83751392e-05 6.16566497e-05 5.59604032e-05
 8.17939475e-05 3.66672491e-05 4.65249732e-05 7.45434341e-04
 3.93144152e-05 5.27326350e-05 1.05662833e-03 7.49753357e-05
 6.27901206e-05 9.35806281e-04 5.22114786e-05 5.08348759e-05
 4.57864940e-05 6.06222337e-05 6.85715800e-05 3.51901351e-05
 3.42430244e-05 4.94443061e-05 8.16256164e-05 3.42196297e-05
 7.10953648e-05 3.96514693e-05 8.62806390e-05 8.46956376e-05
 4.66219562e-05 4.53231696e-05 4.37620423e-05 6.11372997e-05
 5.66397687e-05 5.40437863e-05 6.27983094e-05 3.17214374e-05
 6.54059746e-05 5.13988555e-05 3.23385305e-05 5.25023484e-05
 5.45621945e-05 6.30922626e-05 4.62860927e-05 3.35624835e-05
 3.13753645e-05 4.45206267e-05 2.86172174e-05 5.88103491e-05
 3.53524834e-05 5.12320513e-05 6.24047943e-05 3.25391877e-05
 4.97349472e-05 8.44903646e-04 3.77021958e-05 4.13231512e-05
 3.26077173e-05 9.23023704e-04 4.51484707e-05 2.98226221e-05
 5.15000227e-05 6.12001685e-05 5.80485336e-05 3.23391541e-05
 4.29596081e-05 5.94919909e-05 4.60437374e-05 6.24334958e-05
 4.36408194e-05 6.12308695e-05 8.51097460e-04 5.42942014e-05
 6.31406485e-05 6.14871911e-05 5.01292302e-05 5.78338797e-05
 7.64001449e-05 6.33715534e-05 4.33663763e-05 5.04422360e-05
 4.62531008e-05 6.22928553e-05]