[3.81804510e-05 5.39331476e-04 9.59321139e-05 1.12630219e-04
 1.07002282e-04 8.13263130e-05 5.92252054e-05 8.91635253e-05
 1.02305492e-04 9.25908345e-05 1.07307217e-04 1.01933993e-04
 1.04288218e-04 1.06003200e-04 9.74873555e-05 8.84796632e-05
 7.19305008e-05 6.90901673e-05 1.23752275e-04 7.71104095e-05
 1.12136005e-04 8.13245934e-05 6.09819217e-04 7.50589887e-05
 9.43695580e-05 9.59635809e-05 7.32127402e-05 8.03858115e-05
 9.70560995e-05 6.94046260e-05 7.74223323e-05 8.43137382e-05
 9.22332938e-05 8.16164072e-05 1.01068164e-04 6.36710181e-04
 9.88785129e-05 9.19033414e-05 7.52254752e-05 7.08616115e-05
 9.84574495e-05 9.04577392e-05 9.44686683e-05 1.28914385e-04
 8.05597566e-05 8.21153388e-05 8.96897518e-05 7.55121185e-05
 1.02871220e-04 9.14896219e-05 1.00414159e-04 7.96445653e-05
 9.09229377e-05 7.76832508e-05 8.55532898e-05 9.48849879e-05
 5.62302074e-04 1.00283734e-04 1.07159524e-04 9.04427079e-05
 8.43450699e-05 8.65767292e-05 8.75679755e-05 7.67460045e-05
 8.36336299e-05 8.52797741e-05 1.03477868e-04 7.78382067e-05
 9.06821182e-05 7.91580959e-05 8.07970315e-05 8.95518111e-05
 8.45052286e-05 8.53770303e-05 4.99362578e-04 7.78182442e-05
 1.03532067e-04 8.65451145e-05 6.84481066e-05 8.69684978e-05
 8.66090994e-05 7.54515720e-05 8.49500352e-05 8.87724214e-05
 1.01321023e-04 9.76693230e-05 9.21202908e-05 4.89337053e-04
 8.20118216e-05 6.04933339e-05 8.52368543e-05 8.54463575e-05
 9.03459558e-05 9.51841001e-05 7.84862848e-05 7.20247207e-05
 8.44611308e-05 9.93236641e-05 6.54624038e-05 7.12687111e-05
 9.01456644e-05 8.58022267e-05 5.08937569e-04 8.52287317e-05
 7.03707980e-05 8.87250603e-05 9.13922796e-05 9.90788354e-05
 9.27128592e-05 7.19873201e-05 9.76299723e-05 8.20535674e-05
 6.51288516e-05 1.19550675e-04 7.34493924e-05 7.79415775e-05
 6.51091468e-04 1.14798099e-04 9.07106680e-05 1.05775315e-04
 9.74124420e-05 8.47161411e-05 1.00011580e-04 8.77912918e-05
 8.47718777e-05 8.68567560e-05 8.95699225e-05 8.49175707e-05
 9.50059817e-05 9.78661588e-05 8.20415966e-05 5.55967154e-04
 9.73783382e-05 8.64616264e-05 8.81157616e-05 9.45907837e-05
 7.40562719e-05 9.03836162e-05 8.09987095e-05 1.00457860e-04
 1.04941106e-04 8.76375861e-05 9.86957318e-05 5.27368262e-04
 9.34209077e-05 8.01130950e-05 7.56030740e-05 7.78288193e-05
 8.50368724e-05 8.69577009e-05 7.25434594e-04 9.83077308e-05
 9.37715987e-05 6.59891904e-05 8.82278471e-05 7.41028264e-05
 1.08578742e-04 1.01204882e-04 7.54853242e-05 1.05849899e-04
 7.49662076e-05 1.09512075e-04 8.83189243e-05 8.78585534e-05
 9.47336043e-05 1.17119334e-04 7.25536562e-05 7.84057291e-05
 9.30691267e-05 9.19575285e-05 1.20624843e-04 8.29413030e-05
 9.24756342e-05 7.87583817e-05 8.20455984e-05 7.95047865e-05
 9.00448024e-05 8.79409451e-05 9.45829686e-05 7.17075329e-05
 4.65032055e-04 8.79413324e-05 1.06145476e-04 1.08122122e-04
 8.09096253e-05 9.58526934e-05 8.04475849e-05 8.16995524e-05
 8.07176345e-05 1.02658550e-04 7.45321726e-05 8.02910586e-05
 7.78674193e-05 7.38429096e-05 9.73515105e-05 7.69525864e-05
 1.16135811e-04 9.54333666e-05 9.25061315e-05 9.34961625e-05
 9.53660009e-05 7.80378528e-05 9.94375055e-05 1.05388682e-04
 8.58806423e-05 6.72195518e-05 5.11943427e-04 7.97611612e-05
 8.89166645e-05 7.03778956e-05 1.00213107e-04 9.18508519e-05
 8.26812253e-05 8.87601385e-05 5.03310324e-04 1.10815901e-04
 1.07347100e-04 1.04419821e-04 6.81564857e-05 9.21343301e-05
 7.04594658e-05 7.21957167e-05 8.10559800e-05 9.34636051e-05
 8.63595417e-05 1.11079446e-04 7.47988958e-05 9.85991653e-05
 8.79613603e-05 7.11987471e-04 1.12158548e-04 8.47676550e-05
 8.97112445e-05 6.91721482e-04 1.00738617e-04 1.00939675e-04
 8.49056586e-05 5.85860720e-05 9.88914477e-05 1.04763225e-04
 8.96689689e-05 1.01067130e-04 6.50706353e-04 5.39255107e-05
 8.37106371e-05 9.92682191e-05 1.16246325e-04 1.12273441e-04
 1.00245075e-04 9.14939806e-05 9.02583918e-05 6.93749427e-04
 9.39749267e-05 1.02774229e-04 6.04446069e-05 1.11579176e-04
 8.46939247e-05 1.03611972e-04 8.29474502e-05 5.63697892e-04
 6.75258191e-04 1.00737572e-04 1.03168796e-04 9.52972160e-05
 1.02067702e-04 8.89493485e-05 1.00684326e-04 1.11255016e-04
 8.20670414e-05 9.03980567e-05 8.20493831e-05 6.48905823e-05
 7.03318790e-05 9.86287306e-05 6.70674918e-05 8.64615956e-05
 8.45150659e-05 9.26304392e-05 6.42798715e-05 1.18821933e-04
 8.21116405e-05 8.82707919e-05 9.95593722e-05 7.46096561e-05
 8.96009568e-05 9.10759725e-05 1.18471006e-04 1.06861872e-04
 8.70482965e-05 9.01152500e-05 8.87880807e-05 9.23164645e-05
 1.07759271e-04 1.02371620e-04 9.38614351e-05 9.08906306e-05
 9.41633287e-05 6.35627256e-04 7.38795173e-05 8.60864894e-05
 7.42968988e-05 9.12527223e-05 9.62993664e-05 8.40808365e-05
 8.12234878e-05 9.51643660e-05 9.70349059e-05 7.83297807e-05
 9.04300405e-05 7.10317937e-05 8.26599901e-05 7.46420092e-05
 5.32373088e-04 9.34471238e-05 9.32344605e-05 6.19632934e-05
 7.79343441e-05 8.53364732e-05 7.98607487e-05 9.06066640e-05
 9.76408158e-05 7.89276086e-05 8.37605790e-05 1.19051948e-04
 6.55441004e-04 8.70598842e-05 8.70972192e-05 9.64372937e-05
 7.82045467e-05 7.09924735e-05 6.59675312e-04 9.39978094e-05
 9.29693001e-05 5.42981719e-04 8.33310355e-05 5.90104160e-04
 8.23333641e-05 9.68066867e-05 1.13878352e-04 1.05219960e-04
 9.42232427e-05 9.49019604e-05 5.89161486e-04 8.61679554e-05
 1.09012978e-04 9.03794636e-05 1.15758127e-04 8.33695337e-05
 9.80147953e-05 1.00460522e-04 7.18020507e-05 8.81480635e-05
 1.06715680e-04 1.06862920e-04 8.87525073e-05 9.59967617e-05
 8.37693130e-05 6.74817696e-05 8.37927710e-05 1.11416417e-04
 6.53472352e-04 6.11576047e-05 8.47816920e-05 1.09541682e-04
 9.45768829e-05 9.74818277e-05 1.01892996e-04 9.74949585e-05
 8.35441093e-04 9.87586217e-05 8.63080760e-05 7.25376881e-05
 7.13546905e-05 8.57763912e-05 9.61223143e-05 8.21252323e-05
 8.84638604e-05 7.15067150e-05 1.14194432e-04 7.43234499e-05
 5.11655854e-04 6.28105636e-05 8.86493785e-05 7.48823471e-05
 1.08292421e-04 9.14995986e-05 6.95461420e-05 8.80820086e-05
 8.80542293e-05 1.00787487e-04 1.05919259e-04 8.20385571e-05
 8.23203601e-05 9.38824876e-05 8.90990322e-05 6.40798441e-05
 1.01209306e-04 1.08340898e-04 9.21070780e-05 7.55874604e-05
 8.02209136e-05 7.45053042e-05 1.07762544e-04 8.28929128e-05
 9.25473262e-05 7.70426771e-05 1.09277457e-04 9.30197791e-05
 8.72156223e-05 7.62985484e-05 8.77037823e-05 9.16014505e-05
 9.86823525e-05 4.98423167e-04 8.98852842e-05 1.11176690e-04
 8.08110398e-05 1.15246400e-04 1.00115290e-04 9.50817537e-05
 7.58274375e-05 6.96665249e-05 7.00577015e-05 1.00419374e-04
 7.12879204e-05 7.29156798e-05 7.13632980e-05 8.55602368e-05
 5.64700580e-04 9.04811040e-05 1.07603225e-04 1.14870210e-04
 7.97389308e-05 7.43479305e-05 1.06819048e-04 9.80956093e-05
 1.08125132e-04 9.73019210e-05 8.50045116e-05 8.85412952e-05
 9.24491174e-05 8.79103751e-05 8.20790354e-05 1.12790281e-04
 8.43123132e-05 1.22430979e-04 1.05243467e-04 7.41044824e-05
 9.90613269e-05 7.89792718e-05 8.07121525e-05 9.59694939e-05
 1.00582093e-04 1.02332318e-04 8.65771571e-05 8.76789887e-05
 8.45997500e-05 6.84706798e-05 1.00199708e-04 8.81652029e-05
 9.41942225e-05 8.82178992e-05 8.45324759e-05 9.53632671e-05
 8.97597339e-05 7.56032659e-05 1.02343484e-04 7.07286586e-05
 9.51749124e-05 1.09665855e-04 9.66071722e-05 6.28596599e-05
 8.92031476e-05 1.15025156e-04 8.89303064e-05 5.43566192e-04
 8.83150868e-05 8.94963358e-05 8.33132690e-05 8.18078458e-05
 9.05074009e-05 8.35010003e-05 6.90800319e-04 9.51711519e-05
 9.02686794e-05 9.20727478e-05 7.97654482e-05 7.79545571e-05
 1.05494116e-04 6.51166690e-05 7.63337053e-05 7.51354875e-05
 8.64728560e-05 7.67940948e-05 1.06031458e-04 6.23416026e-05
 7.94962629e-05 7.72448109e-05 8.97002007e-05 7.49863545e-05
 9.05434881e-05 9.36495854e-05 8.52954570e-05 6.00515490e-04
 9.43137672e-05 8.70132488e-05 7.55483284e-05 7.38473826e-05
 1.05650865e-04 1.10673689e-04 7.72119415e-05 1.00727559e-04
 8.33617428e-05 9.51464202e-05 9.73952292e-05 7.49767422e-05
 1.08493285e-04 5.06079596e-04 7.50272900e-05 8.30675290e-05
 8.48515770e-05 9.23569749e-05 1.05745807e-04 8.84574245e-05
 8.40901122e-05 8.11018908e-05 8.18253832e-05 8.70135527e-05
 9.50910062e-05 7.57778962e-05 7.76306098e-05 7.96198196e-05
 8.61879968e-05 8.01222789e-05 6.98248522e-05 9.46079663e-05
 8.37277115e-05 8.49309374e-05 7.83772030e-05 1.06708747e-04
 1.00816691e-04 8.40972183e-05 7.32194032e-05 1.07755402e-04
 1.11447223e-04 1.02178750e-04 9.07157099e-05 8.02354970e-05
 7.50344857e-05 8.19264239e-05 1.00101860e-04 1.00288667e-04
 8.45238357e-05 7.82645674e-05 6.65876479e-05 6.01750612e-04
 1.23717904e-04 6.68630581e-05 9.94126874e-05 9.75414211e-05
 1.12244483e-04 8.77836568e-05 7.25858363e-05 8.87679711e-05
 1.10001025e-04 9.01933062e-05 8.46884371e-05 9.09858582e-05
 9.64448429e-05 1.04704543e-04 6.22296668e-04 9.49034647e-05
 9.04985132e-05 9.02002104e-05 8.55226984e-05 8.82489261e-05
 9.58172965e-05 8.61581650e-05 9.59850716e-05 1.09002497e-04
 4.91028349e-04 1.03745161e-04 7.63452669e-05 6.92262378e-05
 1.06055499e-04 7.76381425e-05 8.90018904e-05 1.29228928e-04
 1.12653860e-04 1.08414187e-04 7.97698254e-05 8.58492615e-05
 8.98056069e-05 9.94265212e-05 1.00903411e-04 8.02952481e-05
 6.43961405e-04 1.22686831e-04 8.79602011e-05 6.19121305e-04
 1.02908851e-04 8.30306254e-05 1.06708356e-04 7.87061751e-05
 1.01881342e-04 7.74432622e-05 9.71456316e-05 8.49278535e-05
 8.05794193e-05 8.19828262e-05 7.64190183e-05 9.50670128e-05
 8.18457728e-05 8.90691760e-05 1.08782478e-04 7.92200391e-05
 8.53150770e-05 7.90870364e-05 1.10671124e-04 7.77761268e-05
 9.41068559e-05 8.77569612e-05 9.46848688e-05 8.72326439e-05
 7.99808683e-05 9.69878404e-05 1.09992750e-04 7.92811157e-05
 1.03496291e-04 7.95414452e-05 7.73959606e-04 8.60241902e-05
 9.54849426e-05 7.87545935e-05 1.04431493e-04 8.82603202e-05
 1.03464811e-04 7.87063960e-05 7.00023860e-05 8.05525494e-05
 8.10564401e-05 1.00030324e-04 7.52724090e-05 9.69711196e-05
 6.87970550e-05 9.88188868e-05 9.22098466e-05 7.91702570e-05
 5.45351218e-04 1.15058720e-04 7.98474393e-05 5.11426606e-05
 4.95417612e-04 9.22145667e-05 8.73126513e-05 8.80304763e-05
 8.85352000e-05 9.32772696e-05 6.78613144e-05 8.09130850e-05
 7.04722749e-05 9.07350210e-05 8.43044331e-05 6.86525751e-05
 8.09178314e-05 6.70537297e-05 1.25811809e-04 9.51584428e-05
 8.41770201e-05 1.01088721e-04 1.08891297e-04 7.25031105e-05
 9.25151889e-05 1.07796131e-04 7.56466189e-05 6.18234355e-05
 9.83857291e-05 8.51670254e-05 6.47451146e-04 7.99816076e-05
 1.10591586e-04 1.15956082e-04 9.23252972e-05 7.51460674e-05
 5.20032852e-04 9.55251711e-05 1.01664617e-04 1.05956334e-04
 7.55496047e-05 1.14058000e-04 9.48059240e-05 5.56519388e-04
 9.21126689e-05 5.91572519e-04 9.55436968e-05 8.66821087e-05
 8.69818589e-05 9.66017538e-05 8.58503323e-05 9.47111415e-05
 1.03065353e-04 8.42395522e-05 9.36270936e-05 8.34817863e-05
 9.68371214e-05 9.58836466e-05 7.24152671e-05 9.45631956e-05
 9.25122495e-05 7.17047961e-05 7.62726858e-05 8.59584162e-05
 8.99842788e-05 7.57020784e-05 7.42865148e-05 1.07474000e-04
 1.00173864e-04 1.02258769e-04 9.24611223e-05 7.58044634e-05
 8.05243427e-05 8.17445412e-05 6.28743154e-05 9.74899186e-05
 6.86285326e-05 9.46605797e-05 1.04804599e-04 8.76439347e-05
 1.07021002e-04 9.55611427e-05 9.38484861e-05 1.14331746e-04
 6.07392810e-04 9.17864388e-05 1.06054388e-04 7.85233607e-05
 8.42098583e-05 1.08765945e-04 6.83961356e-05 8.32505519e-05
 9.19401674e-05 6.61394150e-04 7.38673745e-05 9.02168718e-05
 7.76428070e-05 1.08924603e-04 1.08223218e-04 8.92574807e-05
 8.43732051e-05 1.14802778e-04 9.84893408e-05 9.28555854e-05
 1.18157637e-04 7.39751586e-05 8.37155471e-05 5.41495157e-04
 7.65684304e-05 8.98024321e-05 7.44542707e-04 1.11622194e-04
 9.95690690e-05 6.66024434e-04 8.90964827e-05 8.77913085e-05
 8.28957064e-05 9.74157642e-05 1.05333716e-04 7.27583035e-05
 7.16600777e-05 8.66386564e-05 1.18009030e-04 7.16467504e-05
 1.07661158e-04 7.70096544e-05 1.22609290e-04 1.21010340e-04
 8.37771328e-05 8.24074096e-05 8.07436270e-05 9.78486223e-05
 9.35619278e-05 9.10153451e-05 9.95032443e-05 6.90914230e-05
 1.02170457e-04 8.85725295e-05 6.97431840e-05 8.95898736e-05
 9.13844923e-05 9.99791355e-05 8.34363322e-05 7.11214686e-05
 6.89337231e-05 8.19572113e-05 6.60978111e-05 9.58535460e-05
 7.27742258e-05 8.82265163e-05 9.89296931e-05 6.99701850e-05
 8.68455666e-05 6.06545522e-04 7.50050926e-05 7.84728771e-05
 6.99412625e-05 6.56271913e-04 8.23338180e-05 6.73944036e-05
 8.86752957e-05 9.80375541e-05 9.48524107e-05 6.98925028e-05
 8.01091781e-05 9.60253191e-05 8.31685369e-05 9.93038086e-05
 8.06236119e-05 9.80343845e-05 6.10160735e-04 9.13625090e-05
 9.97105968e-05 9.82724629e-05 8.71260781e-05 9.46690845e-05
 1.12917396e-04 1.00083367e-04 8.05994652e-05 8.76037112e-05
 8.33735706e-05 9.90544669e-05]