[7.43967160e-05 8.04076984e-05 7.45980773e-05 7.79382467e-05
 5.82717415e-05 8.44875740e-05 7.13103722e-04 8.78456083e-05
 8.51286487e-05 7.44729464e-05 1.07875480e-04 7.48711929e-05
 9.93791263e-05 6.54180767e-05 6.93728958e-05 9.15591431e-05
 8.21550665e-05 7.91675818e-05 7.77093158e-05 8.19430921e-05
 8.17005045e-05 6.65216819e-05 7.75450359e-05 1.02994553e-04
 9.81122774e-05 7.35296795e-05 8.63940616e-05 7.26217543e-05
 6.35471938e-05 9.27157964e-05 6.12906716e-05 8.88887237e-05
 7.97225358e-05 5.96008679e-05 6.81847731e-05 6.95204756e-05
 6.37914187e-05 9.94682814e-05 7.88613475e-05 8.75755419e-05
 9.43589149e-05 7.36420531e-05 8.52651512e-05 7.54188523e-04
 6.23028085e-05 6.72870298e-05 5.12436282e-05 8.31044811e-05
 5.17176028e-05 6.11963598e-05 1.00485437e-04 8.27774506e-05
 7.42589378e-05 8.34120264e-05 7.08478582e-05 8.48413450e-05
 7.34219648e-05 8.95084470e-05 7.65872475e-05 8.20474714e-05
 8.03562553e-05 6.97369177e-05 8.60902600e-05 7.07244579e-05
 7.63588579e-05 5.41430469e-04 7.54476373e-05 5.76255571e-05
 7.46958006e-05 9.87210435e-05 9.91509813e-05 9.22000774e-05
 9.67282808e-05 8.67093523e-05 7.35701680e-04 6.10425821e-05
 9.72558798e-05 8.55137775e-05 7.56333148e-05 7.10059495e-05
 8.20240450e-05 9.14301461e-05 6.38296579e-05 5.77520831e-05
 7.68648289e-05 7.08728129e-05 7.32463646e-05 7.87712646e-05
 6.08545806e-05 9.85942770e-05 6.10304293e-05 7.31200923e-05
 6.34103952e-05 7.43023508e-05 8.49445867e-05 7.35396819e-05
 7.98262515e-05 6.66844146e-05 7.83900957e-05 6.40076176e-05
 8.13912118e-05 8.31731744e-05 7.81837621e-05 5.17518908e-05
 5.88741214e-05 6.75121595e-05 6.65953709e-05 6.86619095e-05
 7.41848328e-05 8.72792162e-05 6.56668875e-04 5.65262535e-05
 7.85166565e-05 6.75861171e-05 7.68365160e-05 1.02378899e-04
 9.34736898e-05 8.36582947e-05 9.33032712e-05 7.85454792e-05
 8.70240506e-05 7.38866031e-05 6.55064978e-05 9.13905576e-05
 7.26057916e-05 7.97201275e-05 8.58461024e-05 8.42505506e-04
 8.52013292e-05 7.80169485e-05 9.73069630e-05 9.62501653e-05
 8.02228579e-05 9.09623010e-05 8.39086545e-05 8.03770466e-05
 7.70437752e-05 7.60805784e-05 6.69609025e-05 9.72579218e-05
 1.00239146e-04 6.68982516e-05 7.04070545e-05 6.94569772e-05
 7.53566298e-05 6.34038087e-05 7.41692220e-05 6.66034583e-05
 1.13195480e-04 9.09359533e-05 6.40668465e-05 7.98423671e-04
 7.46182205e-05 7.15208143e-05 6.78137125e-05 6.30992123e-05
 6.17264328e-05 8.81931775e-05 5.65232698e-05 8.15521114e-05
 7.13287511e-05 7.30789043e-05 8.64017383e-05 6.27965043e-05
 8.84921203e-05 7.90234548e-05 9.18373684e-05 8.74799692e-05
 1.01023780e-04 7.23401831e-05 7.49410999e-05 8.36554735e-05
 1.01197703e-04 8.20096666e-05 6.71475483e-05 8.11881362e-04
 6.99994337e-05 6.05707832e-05 5.84399851e-05 9.37609679e-05
 8.93882035e-05 7.83480257e-05 8.15532789e-05 6.80852398e-05
 1.11928638e-04 6.40955315e-05 9.09983947e-05 6.45891904e-05
 7.55665782e-05 8.05877320e-05 7.52455051e-05 9.64526229e-05
 7.38465192e-05 1.05972960e-04 6.40050675e-05 9.20416043e-05
 7.59288760e-05 5.76410211e-05 7.31132805e-05 7.18364145e-05
 7.62365586e-05 6.53898746e-05 1.00714442e-04 6.78934928e-05
 9.50594524e-05 8.27286485e-05 8.29441173e-05 1.01415396e-04
 8.55587619e-05 6.67712366e-05 9.95352198e-05 6.79618014e-05
 7.05372651e-05 8.01889236e-05 7.83258556e-05 7.40683071e-05
 7.32297624e-05 6.59372674e-05 7.25230423e-05 8.46981549e-05
 7.36897007e-05 6.94585717e-05 8.51764231e-05 9.45980803e-05
 8.62439009e-05 7.97088489e-05 8.75664165e-05 6.67627426e-05
 7.85552745e-05 9.53613235e-05 6.53314594e-05 5.92837202e-05
 7.50649019e-05 8.42435532e-05 6.89471127e-05 6.32601855e-05
 8.39895409e-04 7.69015322e-05 8.50240232e-05 1.09824247e-04
 6.45474419e-05 6.64599160e-05 6.08419545e-05 9.10546785e-05
 8.61502232e-05 6.21577302e-05 8.24443046e-05 9.57027301e-05
 9.57653072e-05 8.23255655e-05 7.57775488e-05 7.63949983e-05
 6.98746039e-05 8.66965390e-05 8.34348700e-05 8.00054370e-05
 9.46242433e-05 8.09379138e-05 9.31885376e-04 7.08652829e-05
 6.23034644e-05 6.47114370e-05 7.94197368e-05 7.60586226e-05
 6.29382539e-05 9.74970117e-05 7.64608692e-05 7.30163907e-05
 8.83172348e-05 6.84952819e-05 7.89117687e-05 6.85652734e-05
 8.96131546e-05 8.28239603e-05 8.25797094e-05 7.79450269e-05
 6.14322256e-05 1.05281171e-04 8.28187184e-05 7.63537971e-05
 7.30573838e-05 6.95353686e-05 8.44889687e-05 7.63889035e-05
 8.89598795e-05 6.47787192e-05 7.31876466e-05 7.50583688e-05
 9.05910189e-05 8.45453468e-05 6.47074184e-04 8.20340881e-05
 7.23513030e-05 7.76940232e-05 7.69473433e-05 8.08700237e-05
 6.81007606e-05 9.02699042e-05 6.23698600e-05 8.34970161e-05
 6.87740722e-05 8.69436034e-05 6.58024937e-05 6.91058123e-05
 7.90022030e-05 7.14503070e-05 9.01066440e-05 7.92783812e-05
 9.53145988e-05 7.36030007e-04 6.46705635e-05 6.93584892e-05
 7.86732856e-05 9.99430145e-05 7.22504088e-05 6.52410796e-05
 8.49458535e-05 7.84892428e-05 7.38306642e-05 7.53230134e-05
 8.40828094e-05 7.54188791e-05 7.09044011e-05 8.44688417e-05
 8.97053899e-05 8.80424035e-05 8.51135596e-05 6.60949735e-05
 7.73456251e-05 6.63590547e-05 7.63474072e-05 8.85470341e-05
 7.26278733e-05 9.03323658e-05 6.20609451e-05 9.00035421e-05
 7.66140485e-05 6.32006950e-05 7.21594453e-05 8.16657418e-05
 6.58353812e-05 8.60992207e-05 7.36126097e-05 6.33652443e-05
 6.12811683e-04 6.97701457e-05 6.77867696e-05 7.64658644e-05
 6.65239397e-05 9.03921321e-05 6.10483830e-05 8.58693535e-05
 7.45657674e-05 7.43109407e-05 9.81804380e-05 7.23452774e-05
 9.13829392e-05 8.12310065e-05 5.57964864e-05 7.99133630e-05
 6.20720254e-05 7.41853063e-05 8.12640031e-05 8.68153996e-05
 9.15650473e-05 5.66429728e-05 6.60530351e-05 7.49766171e-05
 7.23748832e-05 7.17703472e-04 9.39744553e-05 6.17906461e-05
 7.21975418e-05 8.22706580e-05 7.04554115e-05 8.89444943e-05
 8.05987393e-05 7.05615056e-05 8.38203528e-05 9.37345434e-05
 6.97343197e-05 1.00116957e-04 6.22848225e-05 8.09500887e-05
 5.82804079e-05 1.13905302e-04 5.61308924e-05 8.09881181e-05
 6.20454748e-05 5.18483680e-05 9.09458583e-05 9.19071817e-05
 5.29438490e-05 9.45356378e-05 9.37217716e-05 7.96531682e-05
 7.03607663e-05 7.98755119e-05 6.96701149e-05 8.31785584e-05
 9.28376477e-05 6.61412192e-05 8.53049789e-04 6.83948747e-05
 8.30679709e-05 5.57505453e-05 6.69989737e-05 8.17074938e-05
 8.88614703e-05 1.04591350e-04 8.14164049e-05 7.83409440e-05
 7.91856419e-05 8.56886145e-05 9.63299761e-05 5.00909384e-05
 6.84931629e-05 8.85979515e-05 7.64437484e-05 9.06827360e-05
 6.73316328e-05 7.49356059e-05 1.06924046e-04 5.97720844e-05
 6.77771612e-04 7.66257864e-05 6.67656610e-05 6.96492178e-05
 7.96980237e-05 8.22238498e-05 9.09448795e-05 9.56609239e-04
 7.28268570e-05 7.91285311e-05 7.60172436e-05 9.92047390e-05
 8.14844453e-05 7.36113933e-05 1.18641325e-04 7.22254191e-05
 8.05885306e-05 7.85527910e-05 6.08441196e-05 8.20991064e-05
 7.68963615e-05 7.04653598e-05 8.63269446e-05 6.86025119e-05
 5.76979557e-05 8.39198503e-04 1.08148336e-04 8.81747632e-05
 8.78139922e-05 8.83652323e-05 6.61351461e-05 6.74082493e-05
 7.59367967e-05 7.26018245e-05 8.72418563e-05 5.34733435e-05
 6.24918156e-05 9.65300403e-05 8.60458901e-05 6.76635412e-05
 6.56140341e-05 8.36264104e-05 7.22307032e-05 6.51793353e-05
 7.32545947e-05 6.91519493e-05 8.13078390e-05 9.06501132e-05
 9.64714411e-05 7.50974084e-05 5.54870729e-05 9.47728762e-05
 8.42916322e-05 7.44926984e-05 8.48144155e-05 4.64880467e-05
 7.06670662e-05 9.60575749e-05 7.09193038e-05 5.59295074e-05
 7.82833692e-05 7.06319301e-05 7.75190491e-05 8.89968785e-05
 8.07047629e-05 8.58171581e-05 8.59817354e-05 7.88699500e-05
 6.74286592e-05 8.17469470e-05 9.90970141e-05 7.28330487e-05
 7.20731587e-05 7.89182603e-05 1.00651317e-04 8.17324523e-05
 7.24904438e-05 1.01670623e-04 8.27401822e-05 7.87095691e-05
 5.92845153e-05 6.16481125e-05 8.13031785e-05 8.39287023e-05
 5.54187979e-05 6.77824887e-05 6.50683081e-05 7.72141355e-05
 6.07082443e-05 6.82811127e-05 9.33147633e-05 7.10796185e-05
 1.04336331e-04 7.81335128e-05 7.61976430e-05 6.04431868e-05
 6.60525285e-05 6.92115256e-05 1.08525695e-04 5.92629467e-05
 8.50081276e-04 7.27370035e-05 5.90506706e-05 1.01768086e-04
 8.29194406e-05 7.46497767e-05 6.55415957e-05 8.04816482e-05
 7.03065350e-05 7.56852211e-05 6.57494430e-05 8.39621580e-05
 7.20556784e-05 7.78274188e-05 8.33794445e-05 6.16967476e-05
 7.66549954e-05 9.52851786e-05 8.13313180e-05 8.03913732e-05
 8.01270605e-05 7.05092431e-05 7.55748953e-04 8.06197396e-05
 8.88651786e-05 6.67381813e-05 7.23688674e-05 9.41551840e-05
 6.27068089e-05 8.26987365e-05 6.37086751e-05 9.17361248e-05
 5.87278930e-05 7.32995931e-05 9.00555437e-05 8.19242867e-05
 6.21740188e-05 8.92061082e-05 1.08584647e-04 7.51839913e-05
 7.28270479e-05 6.48308723e-05 7.62120598e-05 7.29559259e-05
 8.00784233e-05 8.19138754e-05 7.80399577e-05 9.53885037e-05
 8.21193269e-05 7.15635745e-05 7.59453598e-05 7.64445309e-05
 6.03335359e-05 7.70168489e-05 7.73339060e-05 7.34708001e-05
 7.19332364e-05 6.78450215e-05 7.93419206e-04 7.29923667e-05
 8.06567527e-05 9.46490710e-05 7.92106851e-05 7.36836367e-05
 9.34219479e-05 8.01499812e-05 6.35674453e-05 8.83848735e-05
 9.50138461e-05 7.17311204e-05 6.56932642e-05 9.55395860e-05
 8.30411083e-05 7.99565752e-05 7.97386555e-05 6.69363565e-05
 6.83234438e-05 1.07551801e-04 8.68518000e-05 8.12775817e-04
 7.61156556e-05 8.59190485e-05 6.09296732e-05 8.43389957e-05
 9.03372842e-05 7.52499151e-05 9.84265635e-05 8.20667813e-05
 7.12940294e-05 1.09813115e-04 8.21555806e-05 9.46218487e-05
 8.31719469e-05 8.18930298e-05 6.87274356e-05 8.09863365e-05
 5.32808283e-05 9.83431153e-05 6.18603797e-05 7.65323435e-05
 5.24995698e-05 6.50672966e-05 6.81414893e-05 1.06074588e-03
 8.98240779e-05 7.95148953e-05 8.25596039e-05 9.14709568e-04
 7.59539711e-05 6.97358125e-05 8.86181574e-05 5.77144616e-05
 6.87933611e-04 7.59018324e-04 7.71749368e-05 8.36281043e-04
 7.08517961e-05 7.94310266e-05 7.98323388e-05 7.10128754e-05
 9.39864814e-05 8.62386605e-04 9.82974259e-05 6.40078686e-05
 8.18700514e-05 7.03391363e-05 8.14893997e-05 6.21366275e-05
 8.68509061e-05 5.83310035e-05 6.58472156e-05 5.96938996e-05
 6.47457185e-05 6.44092315e-05 7.66908999e-05 6.81011115e-05
 8.55182952e-05 1.10157793e-04 7.26597076e-05 8.28508709e-05
 7.93089952e-05 8.60371455e-05 5.84270353e-05 9.51066554e-05
 8.02668570e-05 8.31144566e-05 6.66034984e-05 8.01295424e-05
 8.68832571e-05 6.19646007e-04 7.98258396e-05 8.53732502e-05
 8.14382257e-05 8.18834437e-05 5.64849714e-05 8.99772912e-05
 7.56973599e-05 7.80901715e-05 6.38654067e-05 1.12871296e-04
 8.05589772e-05 8.54441480e-05 6.83857051e-05 6.46899360e-05
 8.11983666e-05 7.50704920e-05 7.85375467e-05 7.78387644e-04
 8.04945449e-05 7.31763047e-05 7.24413899e-05 8.69191288e-05
 7.06916742e-05 8.14552516e-05 7.77330770e-05 1.05657948e-04
 9.22061706e-05 5.48180523e-05 8.73717783e-05 7.42911315e-05
 7.10565676e-05 8.11984387e-05 7.47817493e-05 7.90717299e-05
 7.80239155e-05 7.21003949e-05 8.94209956e-05 5.63711442e-05
 9.57990636e-05 8.46542584e-05 6.81800560e-04 8.98922246e-05
 6.37002129e-05 7.36046318e-05 7.34574361e-05 7.48268136e-05
 6.32166081e-05 6.96767754e-05 7.38112447e-05 8.02357002e-04
 5.78491049e-05 8.20752248e-05 7.48316689e-05 8.82346491e-05
 8.25385553e-05 8.72377953e-05 7.90386509e-05 5.98502926e-05
 8.01733745e-05 7.12488024e-05 9.93103994e-05 7.78347656e-05
 8.52161302e-05 8.94007185e-05 7.97747126e-05 9.00599339e-05
 7.01005857e-05 9.31866666e-05 9.23595364e-05 5.60414516e-05
 7.52151449e-05 6.43878431e-05 6.56035979e-05 6.67139298e-05
 1.10073383e-04 6.56006416e-05 9.49023225e-05 7.45993210e-05
 8.11828285e-05 8.47696831e-05 7.89311643e-05 1.09459857e-04
 7.74985606e-05 6.99621603e-05 8.63082664e-05 8.79603693e-05
 9.52587791e-05 7.73595047e-05 8.19802341e-05 7.57777685e-05
 1.03967518e-04 1.16368693e-04 8.79566008e-05 8.56979578e-05
 7.13403506e-05 7.71903751e-04 7.99894789e-05 6.09355138e-05
 6.33315550e-05 6.45619470e-05 7.82175734e-05 6.46779553e-05
 7.02873611e-05 7.84247400e-05 8.63211731e-05 8.75491473e-05
 9.20637411e-05 7.38915605e-05 5.91091739e-05 7.67289136e-05
 6.64110056e-05 7.56075952e-05 8.50425154e-05 8.13250309e-05
 8.85476955e-05 9.27095384e-05 8.23087742e-05 7.48467367e-05
 6.02344244e-05 6.00032294e-05 7.82519649e-05 9.27970708e-05
 8.79378788e-05 6.05145230e-05 7.99795149e-04 7.79939146e-05
 7.85731904e-05 7.75393221e-05 8.51289395e-05 6.86588097e-05
 6.73464382e-05 5.61906644e-05 9.09919600e-05 8.37752870e-05
 7.30876047e-05 7.51176684e-05 9.33985519e-05 7.32407280e-05
 7.33023128e-04 9.68387999e-05 7.85056051e-05 8.71993405e-04
 7.16207564e-05 8.35423834e-05 7.35134564e-05 6.74843553e-05
 9.39407760e-05 8.16361854e-05 9.53073227e-05 8.14005005e-05
 7.73140210e-05 9.28543186e-05 6.45414234e-05 7.12386603e-05
 9.16949210e-05 9.26017044e-05]