[8.31033895e-05 7.53589482e-05 9.62446085e-05 6.61971738e-05
 8.63898930e-05 1.05112178e-04 7.35130917e-05 9.46930332e-05
 9.37913324e-04 6.28360197e-05 6.78033717e-05 5.78256686e-05
 6.53495973e-04 7.65890853e-05 8.84498040e-05 7.14157820e-04
 8.18441433e-05 7.49499716e-04 8.36631954e-05 7.56479148e-05
 8.23593745e-04 7.62216812e-05 7.23719738e-05 8.19083135e-05
 7.43496761e-05 9.22135111e-05 8.39718860e-05 6.38518159e-05
 8.45065384e-05 7.17694863e-05 7.56564879e-05 7.38119912e-05
 1.00880330e-04 7.69195015e-05 9.25956746e-05 8.42632116e-05
 7.65898126e-05 7.27399188e-05 9.88882707e-05 8.00572814e-05
 8.95162822e-05 7.79443783e-05 6.50808218e-05 8.30593040e-05
 8.18758785e-05 6.17590809e-05 8.74633962e-05 8.98142748e-05
 9.96924561e-05 7.19816706e-05 7.83318317e-05 7.91584126e-05
 8.94948525e-04 7.23019143e-05 9.43235015e-05 6.66921868e-05
 8.49253072e-05 8.15063458e-05 8.60336770e-05 6.63848505e-05
 8.14893099e-05 7.40739217e-05 7.43294357e-05 7.25680279e-05
 9.18960582e-05 1.01227965e-04 7.53486400e-05 8.45896570e-05
 7.75531823e-05 8.71835437e-05 9.35045417e-05 8.46406035e-05
 8.38811629e-05 7.42486447e-05 7.40617410e-05 7.29266817e-05
 6.76341191e-05 8.37722959e-05 8.17882951e-05 7.77337852e-05
 7.60522538e-05 6.99712798e-05 7.98344030e-05 8.11850409e-05
 7.94519198e-05 6.52811953e-05 8.30718032e-05 7.48559213e-05
 7.05759112e-05 8.26690551e-05 8.97630377e-05 8.35124177e-05
 7.61949876e-05 5.70222030e-05 7.88398848e-05 6.15840024e-05
 7.21298768e-05 8.23538843e-05 8.19909606e-05 6.86767193e-05
 7.06910037e-05 7.38153182e-05 5.91352741e-05 7.76733937e-05
 6.72841918e-05 6.74894442e-05 7.94293271e-05 1.02580930e-04
 8.85657375e-05 5.84477338e-05 8.52308020e-05 8.15589419e-05
 8.22574366e-05 8.50765567e-05 6.12348465e-05 6.36122566e-05
 6.82372256e-05 6.73649935e-05 8.71476035e-05 7.77291508e-05
 9.21557864e-05 9.55599039e-05 6.74544930e-05 9.67118333e-05
 7.39579585e-05 7.33216768e-05 7.58300610e-05 6.90414809e-05
 8.21044840e-05 6.14321166e-05 8.54129090e-05 8.98422081e-05
 8.55050691e-05 8.09107393e-05 6.84307269e-05 6.62999451e-05
 8.71156076e-05 9.31367622e-04 6.17709373e-05 8.49514773e-05
 6.15913042e-05 9.00954313e-05 8.21218095e-05 8.04170636e-05
 6.93149263e-05 8.29379547e-05 6.63431001e-05 9.18740191e-04
 1.01498611e-04 9.08600250e-05 7.11389948e-05 6.54062769e-05
 7.88504616e-05 6.78633085e-05 6.79923563e-05 6.34787091e-05
 7.92022343e-05 9.02006447e-05 8.48434007e-05 7.01521447e-05
 7.68092638e-05 8.25333485e-05 7.25767265e-05 7.79896349e-05
 6.49408837e-05 6.35433512e-05 7.57719107e-05 8.52750403e-05
 6.58031377e-05 8.00631216e-05 7.30875359e-05 6.92834011e-05
 9.43406370e-05 8.59679479e-05 9.55180300e-05 5.50309678e-05
 7.79469722e-05 6.78537343e-05 5.91383959e-05 9.34395388e-05
 8.60750194e-05 7.08600463e-05 6.24656097e-05 8.03257246e-05
 7.68668588e-05 6.90384619e-05 7.84874030e-05 7.83836590e-05
 7.10098759e-05 8.16980875e-05 8.80666010e-05 7.25267514e-05
 7.80118094e-05 8.15980614e-05 7.05009787e-05 7.40791138e-05
 6.82386982e-05 9.28078457e-05 5.76394460e-05 6.45133613e-05
 7.16934759e-05 7.50451323e-05 9.77639757e-05 6.18633949e-05
 6.70460818e-05 9.54153666e-05 7.11975988e-05 8.83622775e-04
 7.66877338e-05 7.21389846e-05 6.17657220e-05 6.98969859e-05
 6.78489892e-05 7.63567478e-05 6.39092629e-05 7.27281175e-05
 7.26757860e-05 7.79053177e-05 7.67559825e-05 7.43502712e-05
 6.94962752e-05 7.33294269e-05 1.14777847e-04 8.17806714e-05
 9.47258565e-05 5.84963139e-05 6.44351100e-05 8.09425989e-05
 7.60102776e-04 6.68587567e-04 8.89866869e-05 8.22363890e-04
 6.69067756e-05 7.94236572e-05 1.02816113e-04 9.34448003e-05
 9.23788976e-05 8.03508097e-05 5.98035553e-05 8.57825322e-05
 8.34391303e-05 1.06213437e-04 8.52910443e-04 8.83832056e-04
 9.78008042e-05 6.20601476e-05 9.05885163e-05 7.76650492e-05
 6.91013639e-05 7.01634547e-04 7.05621776e-05 6.80606160e-05
 8.77460758e-05 7.71602141e-05 6.36266704e-05 7.07206938e-05
 8.57406575e-05 6.33863999e-05 7.83411645e-05 7.91931752e-05
 8.82170008e-05 5.94089362e-05 1.00814079e-04 7.34975534e-05
 7.42506524e-05 7.66005735e-05 8.94264335e-05 7.14932864e-05
 7.92314251e-05 7.05499040e-05 7.84715980e-05 8.04294276e-05
 8.67248318e-05 7.23190026e-05 9.24325675e-05 9.51851443e-05
 8.41879262e-05 7.93229285e-05 7.03834942e-05 7.38392959e-05
 7.15549206e-04 7.57454389e-05 7.43103765e-05 8.32661259e-05
 8.00233113e-05 8.71090569e-04 7.06394311e-05 8.72228000e-05
 8.90202198e-04 9.06310776e-05 6.76540450e-05 9.06322539e-05
 7.89999201e-05 6.23500246e-05 8.56956052e-05 7.61586124e-05
 9.70719415e-05 7.77395195e-05 6.33992522e-05 7.10983872e-05
 8.46666380e-05 8.89427362e-05 4.99851747e-05 7.16380113e-05
 8.83008426e-05 4.35166743e-05 8.13063109e-05 7.87188313e-05
 8.47766671e-05 6.17217305e-05 8.45664647e-05 8.21825577e-05
 6.57950583e-05 6.51278065e-05 7.68305687e-05 8.28712546e-05
 9.11689937e-05 7.99172581e-05 7.26382460e-05 8.70031042e-05
 6.98911316e-05 6.42612364e-05 9.90226213e-05 7.38124239e-05
 6.05615140e-05 8.41287100e-05 6.42110199e-05 5.43805480e-05
 7.94389434e-05 6.54545720e-05 7.53702611e-05 6.44580093e-05
 6.40025512e-05 1.05976816e-04 6.91600662e-05 7.25242229e-05
 7.49735817e-05 6.87556471e-05 8.45058168e-05 7.85436658e-05
 8.67358960e-05 8.62422348e-05 6.44332322e-05 7.74693090e-05
 8.72983242e-05 9.50066933e-05 8.58323715e-05 5.91737347e-04
 8.12908579e-04 6.41032745e-05 7.84120521e-05 9.75941027e-05
 6.50571433e-05 7.03731548e-05 7.72091617e-05 6.93058997e-05
 5.65569762e-05 7.54000521e-05 6.95071163e-05 8.03229886e-05
 7.29204093e-05 6.42817985e-05 6.68024476e-05 6.20972182e-05
 9.77087908e-05 9.25422608e-05 9.14893712e-05 6.84398021e-05
 7.65748136e-05 7.35536931e-05 5.97148728e-05 5.91926504e-05
 6.87478952e-04 7.79575730e-05 7.82050674e-05 8.63631917e-05
 9.47124500e-05 7.91739442e-05 6.95349311e-05 8.67598573e-05
 8.50100144e-05 7.39047231e-05 7.89157324e-05 6.67735123e-05
 7.21478746e-05 7.04718513e-05 7.73147977e-05 8.69259453e-05
 7.40979823e-05 5.86917115e-05 8.13018571e-05 8.39684652e-05
 6.07234986e-05 6.56295287e-05 8.42991850e-05 9.92532248e-05
 7.36150132e-05 6.73625365e-05 9.03208361e-05 9.95198072e-05
 6.58588648e-05 5.03282403e-05 7.03871503e-05 7.04181919e-05
 5.66836501e-05 9.54763880e-05 1.18303221e-04 8.65954185e-05
 8.86532556e-05 8.39976502e-05 5.18737310e-05 6.81142110e-05
 7.78891446e-05 6.71116922e-05 6.79387521e-04 8.50344518e-04
 8.60503261e-05 8.75012837e-05 8.30259631e-05 8.03868613e-05
 6.13124622e-05 8.24273413e-05 7.85331256e-05 9.19526999e-05
 8.05246224e-05 6.48689787e-05 9.21291517e-05 6.61994743e-05
 6.73634872e-05 7.14958620e-05 9.51553596e-05 6.16647850e-05
 9.91693954e-05 1.08876553e-04 8.97748748e-05 7.41134188e-05
 8.60643226e-05 9.81214591e-05 9.77612570e-05 8.90287569e-05
 6.80992901e-05 8.36287230e-05 7.71881130e-05 9.05400587e-05
 8.32063022e-05 6.00856228e-05 7.96776544e-05 7.83369352e-05
 6.86408031e-05 7.56679188e-05 8.34818115e-05 6.30792777e-05
 6.47405048e-05 6.12520571e-05 6.63817413e-05 8.08969893e-05
 7.04236552e-05 7.08210487e-05 6.17871627e-05 6.21333396e-05
 8.04007993e-04 9.11591490e-05 1.13484961e-03 6.57505722e-05
 6.08364474e-05 6.95547710e-05 9.04462875e-05 6.97341129e-05
 6.91060286e-05 7.68614539e-05 6.46092196e-05 7.06473377e-04
 8.73644867e-04 7.64877993e-05 8.78465049e-05 6.23875373e-05
 6.33249617e-05 6.95822541e-05 7.83561295e-05 7.60835623e-05
 7.11202387e-05 9.06347222e-05 8.64498518e-05 7.89757767e-05
 6.86619624e-05 9.10764722e-05 9.32823130e-05 6.90525546e-05
 6.86800687e-05 7.08743132e-05 9.99381538e-05 7.85793029e-05
 6.05641091e-05 6.90680046e-05 8.08746393e-04 7.92821701e-05
 7.55673417e-05 8.56537357e-05 8.15383295e-05 9.63445607e-05
 8.52655845e-04 8.00844632e-05 7.05609396e-05 9.71193833e-05
 7.56299624e-05 7.06825828e-05 9.59022589e-05 8.41097594e-05
 7.21750890e-05 9.31685270e-05 6.02531911e-05 8.62953380e-05
 7.93038465e-05 7.71622034e-05 7.63247461e-05 5.14036714e-05
 8.77850720e-05 7.11680971e-05 8.98631462e-05 7.48366777e-05
 8.57663403e-05 6.63637782e-05 7.06163972e-04 8.19440974e-05
 8.40704110e-05 8.28343163e-04 6.19467136e-05 7.18483590e-05
 7.58233071e-05 7.00257603e-05 1.06631633e-04 7.83806410e-05
 9.18014895e-05 9.23883155e-05 9.08109439e-05 7.42899925e-05
 8.86433367e-05 7.09336993e-05 7.21633951e-05 8.58468727e-05
 7.78699105e-05 7.32508246e-05 8.31874842e-05 8.66222719e-05
 7.93823203e-05 8.55939484e-05 8.75221449e-05 9.96797599e-05
 8.42135641e-05 4.90567515e-05 8.38664005e-05 6.39737948e-05
 8.82230480e-05 8.97027457e-05 6.76938365e-05 7.67323203e-05
 8.96966111e-05 6.16966733e-05 9.39426364e-05 6.98268185e-05
 8.03084226e-05 7.39922287e-05 7.27571907e-05 9.53989685e-05
 7.50764791e-05 9.60632795e-05 7.79818386e-05 7.66669962e-05
 8.20469497e-05 8.76188020e-05 7.89099173e-05 8.77190784e-05
 7.44438851e-05 7.44460417e-05 7.58830034e-05 7.90029013e-05
 9.19370611e-05 7.89400434e-05 6.16787516e-04 6.43509668e-05
 7.61799303e-05 7.78708558e-05 5.96137656e-05 1.02812810e-03
 5.90568867e-05 6.88727557e-05 7.30179178e-05 7.21002078e-05
 9.95650941e-05 5.98269095e-05 7.28413887e-05 7.64115546e-05
 7.34089935e-04 7.61840680e-05 8.22483771e-05 7.56532072e-05
 9.40986358e-05 8.10587079e-05 8.70577702e-05 7.30962082e-05
 8.62314564e-05 7.30476113e-05 8.52573084e-05 7.10344719e-05
 8.13134352e-05 9.79977587e-05 6.44557445e-05 8.94699532e-05
 7.29720195e-05 7.35616708e-05 9.63861453e-04 6.10319252e-05
 7.26222878e-05 8.26076114e-05 9.03499274e-05 7.20093512e-05
 8.56004171e-05 7.68461751e-04 8.81747805e-05 9.69341431e-05
 7.27997268e-05 6.45120813e-05 9.06007589e-05 9.30916571e-05
 7.76597803e-05 6.78081221e-05 6.94274244e-04 8.57515256e-05
 6.40317179e-05 7.37812701e-05 7.86631195e-05 7.75249112e-05
 8.55113485e-04 8.19364865e-05 7.90458350e-05 7.74908688e-05
 8.83342029e-05 6.54537939e-05 7.57692545e-05 6.32266131e-05
 9.48485535e-05 5.85804607e-05 7.36032868e-05 6.98865740e-05
 8.55732328e-05 8.42033266e-05 8.11520119e-05 8.05468290e-05
 6.00772937e-05 7.93931629e-05 7.07410628e-05 9.95044796e-05
 8.01380990e-05 8.95964762e-05 7.98707191e-05 6.61472620e-05
 9.34124445e-05 7.71246723e-05 6.61718433e-05 5.27604123e-05
 8.41788375e-05 1.02506459e-04 7.04751284e-05 8.80466689e-05
 6.05499282e-05 8.92347497e-05 7.12822534e-05 7.83240563e-05
 8.89372194e-05 7.22338710e-05 9.04581401e-05 7.44964865e-05
 7.94424224e-05 6.90348226e-05 6.97199880e-05 9.43540350e-05
 5.78630565e-04 8.73214512e-05 6.81585308e-05 1.00643061e-04
 6.19530891e-05 8.34489169e-05 6.82789223e-05 7.57107680e-05
 7.35830608e-05 7.89096445e-05 8.47160997e-04 8.66337386e-05
 9.55052096e-05 7.39810936e-05 1.01626635e-04 1.03381803e-04
 6.21864652e-05 7.91843519e-05 9.62391066e-05 7.54952784e-05
 7.48814035e-05 9.72375476e-05 1.04954123e-04 6.91455553e-04
 8.32062851e-05 9.22103212e-05 7.07061851e-05 8.88762961e-05
 9.62247216e-05 7.87408763e-05 8.17708806e-05 8.57408149e-05
 5.84000358e-05 7.64019054e-05 8.80817790e-05 7.53014959e-05
 7.90762911e-05 8.65783669e-05 8.40031481e-05 6.67789016e-05
 1.10868595e-04 7.78612552e-05 8.06220632e-05 8.25198589e-05
 7.38810408e-05 8.56566412e-05 7.18926003e-05 8.45053853e-05
 8.18716587e-05 6.32967964e-05 8.35255489e-05 6.74471581e-05
 6.84285712e-05 8.07598296e-05 1.00268311e-04 9.54833114e-05
 6.74755020e-05 8.61861081e-05 7.39185624e-05 6.11682830e-04
 7.88713159e-05 7.63838015e-05 8.88269551e-05 5.48733350e-05
 9.46201136e-05 6.06323854e-05 7.89635266e-05 7.35018185e-05
 6.53602955e-05 5.23476014e-05 7.57917099e-05 7.45552444e-05
 9.59625339e-05 7.84983927e-05 6.81909801e-05 7.64383776e-05
 8.32753185e-05 8.53223477e-05 7.46103690e-05 9.86163050e-05
 7.18102387e-05 7.87032964e-05 8.42580457e-05 8.72145215e-05
 9.57504662e-05 9.31680254e-05 1.19220951e-04 7.15405270e-05
 7.00306011e-05 7.07973543e-05 9.33778171e-04 5.71974635e-05
 8.06154660e-05 6.93300508e-05 5.47915945e-05 6.70633251e-05
 8.39515103e-05 7.70373076e-05 9.71261161e-05 7.62657476e-05
 1.02197419e-04 7.84755263e-04 8.09607679e-05 9.57430035e-05
 1.07547417e-03 1.05857974e-04 9.63494884e-05 7.39275121e-05
 8.58052176e-05 6.95483525e-05 7.33282270e-05 6.73939591e-05
 7.20883226e-05 9.40548728e-05 7.55563072e-05 8.34186096e-05
 8.59915029e-05 5.19736633e-05 7.41592822e-05 7.82335455e-05
 8.21938188e-05 6.53400242e-05 7.63499713e-05 8.72836590e-05
 9.46417474e-05 1.05074174e-04 9.01408383e-04 6.29554786e-05
 7.28454253e-05 7.47727422e-05 1.06590286e-03 6.08523262e-05
 7.63671067e-05 8.16819524e-04 6.92068061e-05 8.17409977e-05
 7.55910833e-05 1.08364498e-03 6.41743648e-05 9.07939800e-05
 7.73177379e-05 7.56201896e-05 8.02758683e-05 8.40108465e-05
 9.21398543e-05 8.55426060e-05 7.00379242e-04 8.56401841e-05
 8.72221874e-05 9.91333057e-05 7.16826713e-05 5.60724074e-05
 8.19081702e-05 8.60157178e-05]