[4.94953086e-05 4.07968049e-05 6.48189083e-05 5.67759920e-05
 5.11606293e-05 4.74331029e-05 5.74038513e-05 6.43413765e-05
 5.12286415e-05 5.64710384e-05 4.17293930e-05 5.22040275e-05
 5.75068826e-05 7.51025749e-05 4.22342258e-05 3.75504691e-05
 6.51059111e-05 4.70419198e-05 4.93162287e-05 4.78470053e-05
 3.78704061e-05 4.71356225e-05 6.15424872e-05 7.92928988e-05
 5.42542811e-05 6.51853557e-05 5.65965399e-05 6.35670517e-05
 7.17210242e-05 3.18086936e-05 4.00375869e-05 5.69981364e-05
 4.41209289e-05 7.37261296e-05 6.91429812e-05 8.15020217e-05
 3.46277688e-05 5.16013084e-05 4.41435647e-05 4.83778561e-05
 4.96542772e-05 3.78037145e-05 6.71184591e-05 5.32552827e-05
 3.78825059e-05 3.15826337e-05 3.20422908e-05 6.02281513e-04
 5.57347460e-05 3.77033751e-05 4.86145199e-05 7.29146874e-05
 5.21339650e-05 5.10467302e-05 9.12007249e-05 3.26098336e-05
 3.30421569e-05 7.32350585e-05 3.21774353e-05 6.58971402e-05
 6.08733996e-04 5.41175466e-05 4.66265516e-05 4.01019528e-05
 4.81051041e-05 3.73161631e-05 4.06627275e-05 4.73528031e-05
 5.02494059e-05 5.00161930e-05 6.43861039e-05 8.89041840e-04
 5.38118901e-05 6.28494670e-05 3.45435766e-05 5.69198628e-05
 3.98169100e-05 3.78504856e-05 5.74830812e-05 5.60133416e-05
 5.29930449e-05 5.45069789e-05 6.49954954e-05 7.35592672e-05
 5.77503157e-05 6.45388275e-05 6.93142920e-04 4.99508399e-05
 4.88290913e-05 4.56827663e-05 4.70550610e-05 7.42640923e-05
 5.36227040e-05 5.32033127e-05 7.74797045e-04 4.87287778e-05
 4.96472410e-05 5.80249865e-05 3.10037262e-05 4.11209363e-05
 1.00005465e-03 7.15671810e-04 4.48841056e-05 5.79575555e-05
 5.08351425e-05 6.01158603e-05 6.33723100e-05 4.30366382e-05
 4.58866419e-05 4.52691258e-05 5.36013371e-05 6.53745801e-05
 7.37022136e-05 5.73128773e-05 5.11960413e-05 3.98852281e-05
 3.70272101e-05 7.13960031e-05 4.34874624e-05 4.55024643e-05
 3.53674045e-05 4.89520669e-05 6.49778157e-05 4.69218130e-05
 3.87123250e-05 7.44727739e-05 5.13096528e-05 4.51425250e-05
 3.62955094e-05 7.47455157e-05 3.18213440e-05 4.84983687e-05
 3.70837342e-05 5.18566475e-05 6.29701767e-05 2.49998337e-05
 3.55851076e-05 5.66940494e-05 4.75984952e-05 5.68186569e-05
 6.29993825e-05 3.26566394e-05 9.74056504e-04 3.17102609e-05
 5.51983232e-05 7.71556308e-05 3.49965479e-05 4.88512518e-05
 4.75570548e-05 3.91301187e-05 5.79928137e-05 4.44109441e-05
 5.76286636e-05 5.45283371e-05 4.76300456e-05 5.52014790e-05
 8.08810256e-04 7.23352997e-05 3.86209058e-05 8.71320653e-05
 4.08009123e-05 3.76373832e-05 4.67320164e-05 7.42512093e-05
 6.90018412e-05 4.79620926e-05 5.42177735e-05 4.55348972e-05
 9.10070343e-04 4.08472014e-05 6.73523735e-05 4.10108861e-05
 3.05333913e-05 7.19737544e-05 3.31541579e-05 4.04686358e-05
 4.85918138e-05 5.99773055e-05 5.63525874e-05 7.71520173e-05
 1.21970186e-03 4.90920038e-05 5.03827442e-05 3.85783053e-05
 9.01537737e-04 4.42974084e-05 5.26931742e-05 3.91290534e-05
 4.29947927e-05 5.46318417e-05 4.95397627e-05 6.59849283e-05
 5.82911763e-04 3.55341590e-05 6.92422139e-05 6.08690039e-05
 7.97989143e-05 5.24359043e-05 6.87025174e-05 4.01888477e-05
 3.80639023e-05 3.92371622e-05 3.99565361e-05 5.42133282e-05
 1.00809305e-03 2.88839973e-05 3.85486561e-05 5.69551791e-05
 3.39485671e-05 5.60888894e-05 2.29060830e-05 6.21713946e-05
 3.47583986e-05 4.45845452e-05 4.26385722e-05 7.16703324e-05
 4.26303606e-05 5.12725627e-05 5.25929731e-05 4.14280184e-05
 8.74458785e-04 5.28452220e-05 4.76000747e-05 2.76065372e-05
 1.74740892e-05 4.48792899e-05 4.10737757e-05 2.98108133e-05
 5.14658913e-05 4.83913662e-05 6.67361653e-05 4.17407969e-05
 5.01547025e-05 5.64991625e-05 5.45856161e-05 5.01600804e-05
 3.33357023e-05 3.01882993e-05 2.93418613e-05 6.35960290e-05
 5.21807631e-05 3.85612665e-05 3.20664655e-05 6.26654609e-05
 2.68908626e-05 4.77492336e-05 3.22503945e-05 6.62580312e-05
 7.04836258e-05 4.71038099e-05 7.20366428e-05 4.23980430e-05
 4.74291440e-05 5.41353496e-05 5.25293216e-05 5.13648977e-05
 6.14854722e-05 6.88891603e-05 5.92585249e-05 5.43706414e-05
 5.72010429e-05 2.39101761e-05 5.07096912e-05 5.71474705e-05
 4.60812391e-05 5.24779448e-05 5.76598628e-05 6.45925242e-05
 7.03929613e-05 5.56916520e-05 5.14411879e-05 2.90370048e-05
 6.14387268e-05 5.78747580e-05 7.47557611e-05 5.27045396e-05
 8.59317390e-05 4.47376029e-05 4.25948515e-05 4.14755685e-05
 4.44297834e-05 5.54531478e-05 8.53512519e-05 5.02907343e-05
 5.70907968e-05 4.62486646e-05 4.64787400e-05 5.59796189e-05
 4.56071962e-05 6.34115036e-05 7.21402382e-05 5.97560535e-05
 5.70835299e-05 5.38963807e-05 2.11831178e-05 8.63604443e-05
 3.62964592e-05 5.06662329e-05 4.69593485e-05 4.72087016e-05
 5.10262834e-05 5.59286229e-05 4.93338374e-05 6.32762962e-05
 1.82251836e-05 4.13415837e-05 7.00265514e-05 5.85229793e-05
 5.29086723e-05 4.14764826e-05 4.15295261e-05 3.89886721e-05
 3.44899906e-05 6.79909097e-05 4.10015551e-05 5.09312662e-05
 8.06739038e-05 3.83437598e-05 5.13433367e-05 4.79361109e-05
 4.89591561e-05 4.82170751e-05 4.19393963e-05 4.68649110e-05
 7.76540075e-04 3.80016879e-05 3.12787124e-05 2.95247090e-05
 4.44462792e-05 5.83439221e-05 4.81827828e-05 5.11815298e-05
 4.54864331e-05 5.52497557e-05 4.55270598e-05 5.18680491e-05
 4.58050967e-05 4.94015568e-05 4.65698473e-05 6.20331004e-05
 5.58786181e-05 3.23264459e-05 3.67591557e-05 9.68359902e-04
 7.04143494e-05 7.77687670e-05 6.17333160e-04 5.41565791e-05
 4.74305714e-05 4.55786356e-05 3.76160579e-05 4.59972554e-05
 4.83610070e-05 5.20075347e-05 3.73640617e-05 6.02254625e-05
 7.52106063e-05 3.47593165e-05 7.36044808e-05 4.53267037e-05
 5.10370004e-05 6.87706288e-05 4.73367079e-05 4.22254028e-05
 4.97943442e-05 5.27540950e-05 5.30360549e-05 9.88689897e-04
 6.59316930e-05 4.72503203e-05 4.81610434e-05 4.56026275e-05
 5.18010191e-05 4.74788515e-05 6.42313255e-05 2.94569053e-05
 4.28936496e-05 5.95980987e-05 5.21632157e-05 5.31876280e-05
 4.16091148e-05 4.49793012e-05 4.51395351e-05 3.93421310e-05
 5.25362045e-05 4.91491786e-05 3.54824631e-05 5.30954063e-05
 7.46203260e-05 3.84161324e-05 3.89292841e-05 4.25168580e-05
 3.79989962e-05 4.83121876e-05 6.14215655e-05 7.79517512e-05
 7.42996566e-05 2.90068503e-05 3.41407268e-05 3.93518491e-05
 6.00345103e-05 5.73492704e-05 5.63922371e-05 6.85133335e-05
 4.57456344e-05 3.56774726e-05 4.19358734e-05 6.54562634e-05
 5.79986111e-05 3.16508018e-05 5.88592292e-05 6.35645964e-05
 7.72896123e-05 8.02807922e-05 6.10258562e-05 3.94822034e-05
 7.12173319e-05 8.67056375e-04 7.19412379e-05 5.49974973e-05
 4.15608943e-05 5.58770510e-05 3.30015627e-05 5.77403275e-05
 4.08528466e-05 3.59095217e-05 3.67209957e-05 7.38143834e-05
 6.02469413e-05 4.57274100e-05 5.93277782e-05 6.52508412e-05
 5.04103760e-05 5.18966171e-05 5.25204001e-05 6.16114513e-05
 6.36304379e-05 5.74857477e-05 8.78163994e-05 2.91760904e-05
 6.66050481e-05 8.24081099e-05 5.47945904e-05 2.99314675e-05
 5.27598414e-05 4.30522113e-05 3.37056667e-05 4.72563206e-05
 4.37380504e-05 5.66369043e-05 4.14325551e-05 4.13841554e-05
 4.28560375e-05 6.17164128e-05 5.17545689e-05 4.78525609e-05
 5.70000888e-05 4.00776694e-05 4.04854143e-05 4.91641321e-05
 5.54728974e-05 3.48104404e-05 4.00234772e-05 5.11779660e-05
 8.70435466e-05 5.72955293e-05 4.42449903e-05 2.05555419e-05
 3.89611779e-05 3.88214904e-05 6.42296581e-05 4.35214745e-05
 5.35721544e-05 6.84601773e-05 6.90306004e-05 3.32835141e-05
 7.43251882e-05 5.77493074e-05 3.57278844e-05 9.37872868e-05
 5.14698529e-05 4.06776803e-05 8.49568844e-04 7.40230755e-05
 6.04764929e-05 6.42772396e-05 9.32521397e-04 4.70118105e-05
 4.53458673e-05 4.71003621e-05 4.05671335e-05 5.74022522e-05
 7.00850842e-05 3.72911373e-05 8.89664508e-04 7.01495009e-05
 5.17709607e-05 6.25002228e-05 2.58718346e-05 3.71990018e-05
 5.00184771e-05 4.83060951e-05 4.33678103e-05 4.04129333e-05
 4.21256029e-05 3.41219424e-05 5.84783611e-05 4.20621928e-05
 5.49482497e-05 6.48732659e-05 6.07154955e-05 3.93478896e-05
 5.33490871e-05 4.74235742e-05 6.73539277e-05 3.19309707e-05
 4.41599207e-05 4.36856093e-05 3.34478761e-05 7.60010455e-05
 8.21913277e-04 4.77499318e-05 5.36812429e-05 5.06366621e-05
 4.46283009e-05 8.08460229e-05 5.83735527e-05 6.07015331e-05
 3.89805583e-05 4.37266593e-05 4.05496352e-05 5.92857875e-05
 3.99929600e-05 2.61301765e-05 5.78091165e-05 6.29391387e-05
 5.12850825e-05 6.56153298e-05 7.55845772e-05 5.59186347e-05
 6.98327817e-05 3.27806493e-05 5.50167561e-05 7.37640214e-05
 6.06725543e-05 5.19815507e-05 4.82890329e-05 6.09434057e-05
 5.04517463e-05 5.57637363e-05 4.35028879e-05 3.11414771e-05
 7.84958358e-05 6.41779120e-05 5.38017875e-05 4.91752713e-05
 5.83460942e-05 7.19234830e-05 5.88092200e-05 9.39958636e-04
 5.36061544e-05 4.02145610e-05 4.70610315e-05 3.90180615e-05
 3.91681769e-05 6.03920850e-05 3.77929004e-05 5.63336609e-05
 3.77123928e-05 4.67442461e-05 8.78870067e-05 4.96400484e-05
 4.07506699e-05 7.16967737e-05 5.01815356e-05 5.31407576e-05
 4.47673405e-05 3.95727015e-05 5.26179403e-05 3.81427682e-05
 4.19356538e-05 6.26611679e-05 4.58618350e-05 3.83654574e-05
 6.26515614e-05 4.91306421e-05 5.49304762e-05 5.36889787e-05
 4.53494381e-05 5.18016216e-05 4.85063587e-05 6.27177937e-05
 6.52457336e-05 4.11833413e-05 4.97746517e-05 4.95136813e-05
 4.73591989e-05 4.26629202e-05 5.47860686e-05 3.07852553e-05
 1.03618297e-03 9.30005112e-04 3.88986524e-05 6.12027478e-05
 3.75668151e-05 3.89196233e-05 5.25210752e-05 5.61268673e-05
 6.85565731e-05 4.32937807e-05 6.69921040e-05 4.31204727e-05
 5.50819291e-05 3.09795394e-05 3.58942962e-05 7.30820160e-05
 7.91208592e-04 6.29404975e-05 5.00132430e-05 7.55584755e-05
 7.42545072e-05 4.39253450e-05 4.56981835e-05 8.19368930e-04
 4.66437471e-05 3.65315360e-05 8.26816624e-05 6.00408746e-05
 6.68062003e-05 6.00489208e-05 3.76367173e-05 4.65849528e-05
 7.61662958e-05 7.34565928e-05 4.57531073e-05 6.52578249e-05
 8.20150720e-05 4.53435904e-05 3.80082913e-05 3.91812864e-05
 4.27396675e-05 5.71112097e-05 5.41593538e-05 7.22245741e-05
 2.33977619e-05 6.10375075e-05 8.94429171e-04 4.39222360e-05
 3.49363395e-05 4.63301966e-05 4.98726408e-05 5.70567997e-05
 3.87450772e-05 7.41688477e-05 5.19308178e-05 8.96964849e-04
 3.99074572e-05 6.47170826e-05 3.44564053e-05 2.94663787e-05
 6.15738979e-05 6.97642230e-04 6.68793356e-05 2.06378278e-05
 3.62624226e-05 6.54082284e-05 7.46964261e-05 5.49209699e-05
 4.39845939e-05 6.00745952e-05 3.76069180e-05 6.53799965e-05
 5.61733770e-05 5.52365750e-05 5.34749475e-05 6.41565848e-05
 5.18117260e-05 3.55302692e-05 6.37039937e-05 5.60463127e-05
 7.26824946e-05 3.72288780e-05 5.78404623e-05 2.90434105e-05
 7.08189770e-05 8.55263613e-04 4.14311692e-05 2.50362514e-05
 4.25488878e-05 5.85394027e-05 3.76527145e-05 5.20251584e-05
 3.25987386e-05 3.54948144e-05 6.31394954e-05 4.82430641e-05
 3.47604264e-05 3.85355211e-05 6.29300334e-05 3.51129942e-05
 6.40192187e-05 4.60351642e-05 7.25821993e-05 3.48870386e-05
 4.05587749e-05 6.16880755e-05 5.62129943e-05 2.36442732e-05
 8.32999368e-05 7.52678844e-04 7.73204220e-05 9.00505573e-04
 2.61473834e-05 4.68894678e-05 2.87236943e-05 3.87013842e-05
 3.60828429e-05 4.64391002e-05 4.11888545e-05 4.91708415e-05
 5.72010866e-05 4.98789638e-05 5.40850268e-05 3.16927514e-05
 4.93426783e-05 5.35328558e-05 6.08653779e-05 5.13983123e-04
 4.74026785e-05 6.52863977e-05 5.18730820e-05 2.57907892e-05
 4.80679287e-05 4.72183406e-05 9.63973890e-05 5.64302721e-05
 4.06937240e-05 3.31795055e-05 3.76289507e-05 5.89675374e-05
 6.31895997e-05 5.95881554e-05 4.76741554e-05 7.98268914e-05
 7.48853369e-05 3.50115489e-05 8.73899131e-04 8.25876899e-04
 4.42855333e-05 4.42758412e-05 5.05303833e-05 2.63636709e-05
 4.60364693e-05 6.11778073e-05 3.49218039e-05 4.24706034e-05
 4.95337989e-05 4.53569101e-05 8.30968361e-04 4.54482836e-05
 8.60406279e-05 5.14220339e-05 4.18775356e-05 5.84783547e-05
 5.92078723e-05 3.82283272e-05 6.50559216e-05 4.50278238e-05
 8.38797669e-05 4.64561354e-05 5.91554288e-05 4.64514639e-05
 5.60993340e-05 3.79864922e-05 8.36048169e-05 7.24531885e-05
 5.44630370e-05 3.71485480e-05 7.62456133e-05 5.35845954e-05
 6.62346797e-05 4.59634731e-05 6.57336465e-05 6.00266121e-05
 4.46223312e-05 5.93049630e-05 5.29475617e-05 5.25209214e-05
 8.38780451e-04 4.06282056e-05 4.47867111e-05 4.19898239e-05
 6.34139673e-05 2.53714572e-05 4.66160872e-05 6.62270761e-05
 5.34482321e-05 4.30457105e-05 4.62751349e-05 5.46476275e-05
 6.16534621e-05 3.65553506e-05 5.35039947e-05 3.22275406e-05
 3.30415037e-05 7.86898934e-05 3.98840188e-05 4.25561061e-05
 5.06383611e-05 5.15613683e-05 3.78989205e-05 3.73475565e-05
 8.79406278e-04 4.25789115e-05 5.77758213e-05 5.19892920e-05
 3.77840387e-05 5.64590423e-05 5.69735893e-05 7.43113986e-05
 6.53718562e-05 6.87809702e-05 3.78538499e-05 6.80651136e-05
 4.61744600e-05 5.03752086e-05 5.73064887e-05 7.32518614e-05
 7.94463146e-04 5.61782879e-05]