[4.19883301e-05 4.79886629e-05 3.63227324e-05 5.49829170e-05
 6.36160030e-05 3.08841579e-05 8.27236149e-05 3.56329557e-05
 5.24323135e-05 3.17379413e-05 3.82164868e-05 6.41507372e-05
 3.87895317e-05 8.37079640e-05 5.54157696e-05 7.46631262e-05
 5.75006120e-05 6.85127621e-04 3.82768941e-05 4.67153898e-05
 6.59485719e-05 4.10173786e-05 3.48824486e-05 1.06581458e-03
 2.03656851e-05 5.47790047e-05 5.14959265e-05 4.57768534e-05
 5.37979125e-05 5.54194237e-05 5.50573672e-05 4.28138842e-05
 6.18812984e-05 2.75172095e-05 5.54510318e-05 8.32167498e-04
 8.90874321e-04 4.54481122e-05 6.94057620e-05 5.13831424e-05
 5.20973530e-05 6.11769604e-04 3.83231522e-05 5.39388549e-05
 5.35983839e-05 4.66293696e-05 4.01102705e-05 5.73339405e-05
 3.49053438e-05 4.65980708e-05 4.86391042e-05 8.07372341e-05
 2.93764836e-05 8.77087173e-05 5.67096379e-05 5.17746275e-05
 6.66299667e-05 4.23840594e-05 6.81630186e-05 3.38267010e-05
 5.79420261e-05 5.94839026e-05 3.90095742e-05 7.76529802e-04
 9.38029803e-05 5.25219459e-05 4.94937405e-05 5.69345326e-05
 3.87368819e-05 6.59448099e-05 5.40556022e-05 5.63270347e-05
 5.58388678e-05 2.36352521e-05 8.16259028e-05 3.45683275e-05
 7.78135204e-04 4.11596524e-05 6.77258055e-05 6.96404835e-05
 4.61492049e-05 6.95976620e-04 6.59742464e-05 7.01684355e-05
 4.71318217e-05 5.74921780e-05 5.15057259e-05 5.07166813e-05
 5.23472169e-05 5.86052172e-05 6.01536084e-05 5.07387049e-05
 7.83079382e-05 7.44118870e-05 3.96433655e-05 4.43204084e-05
 4.02860319e-05 5.66759391e-05 5.18038010e-05 3.65867413e-05
 5.20561236e-05 6.69578006e-05 6.09276150e-05 3.76208057e-05
 4.84881994e-05 4.46836050e-05 4.79062886e-05 4.24146293e-05
 6.17181137e-05 6.39123711e-05 4.58768087e-05 6.37618456e-05
 4.99763176e-05 6.47691921e-05 4.13143699e-05 4.85383871e-05
 8.95553298e-04 4.47438174e-05 4.33613527e-05 5.24415868e-05
 6.71730621e-05 6.43029950e-05 4.76500614e-05 5.61028368e-05
 3.55351098e-05 5.32352819e-05 7.09328392e-05 5.52160946e-05
 7.08117391e-05 6.45440847e-05 6.08801717e-05 5.18670266e-05
 3.04474431e-05 5.67449906e-05 7.24174272e-05 5.00848008e-05
 7.54556780e-05 4.07105880e-05 7.97868150e-05 4.05076859e-05
 4.75233332e-05 5.15175797e-05 9.10455379e-04 4.75982230e-05
 2.10845203e-05 6.01226315e-05 4.99308455e-05 6.91789266e-05
 4.16842478e-05 3.61393740e-05 5.32231241e-05 4.94946309e-05
 4.40216428e-05 5.20899507e-05 4.99856374e-05 4.59394603e-05
 9.43213009e-05 6.05071186e-05 5.80111213e-05 4.50391449e-05
 3.60108538e-05 5.21945774e-05 6.71442796e-05 6.07672519e-05
 6.48205117e-05 6.67012610e-05 4.40540131e-05 6.87282545e-05
 2.75147490e-05 5.49761677e-05 5.90134708e-05 6.80875609e-05
 4.49004476e-05 6.35832704e-05 5.64644867e-05 4.29237732e-05
 8.04487661e-05 5.58888780e-05 5.50355782e-05 4.94866345e-05
 5.17783834e-05 5.11046471e-05 4.23959202e-05 4.58510842e-05
 5.25650360e-05 2.84851028e-05 9.76122675e-04 4.74487116e-05
 9.59865065e-04 4.94170425e-05 5.07983215e-05 7.64502040e-04
 5.09233482e-05 4.79575470e-05 5.93904805e-05 9.80641705e-04
 5.26436550e-05 6.33326076e-05 6.42273739e-05 4.76836113e-05
 5.08417587e-05 7.58329723e-05 6.58014727e-05 4.99346167e-05
 3.65530461e-05 4.08015014e-05 2.96307448e-05 5.81371031e-05
 5.93580320e-05 4.48950758e-05 8.96532956e-04 6.59685307e-05
 6.22723989e-05 4.05224270e-05 7.51099346e-05 3.70780521e-05
 4.87000067e-05 6.65717650e-05 3.21129222e-05 5.54633533e-05
 6.18847131e-05 4.72057406e-05 4.19200267e-05 6.51670146e-05
 4.99396523e-05 6.45839938e-05 4.16513709e-05 5.64153620e-05
 4.80790279e-05 4.43041932e-05 8.08726490e-05 3.17235618e-05
 6.13849936e-05 4.44681372e-05 6.20675627e-05 5.36004299e-05
 9.79455138e-05 4.37371701e-05 3.48139810e-05 4.95372548e-05
 4.91027306e-05 3.89088465e-05 7.09638470e-05 4.96246929e-05
 4.82846246e-05 3.77834750e-05 4.01712490e-05 4.42888673e-05
 6.69819227e-05 6.75632975e-05 4.77523691e-05 6.05152124e-05
 5.83466074e-05 4.33228883e-05 6.88445474e-05 6.70575222e-05
 5.48564428e-05 4.51040040e-05 6.05791769e-05 4.64542224e-05
 7.00258202e-04 7.61775864e-05 3.88266108e-05 7.42948645e-05
 5.95996038e-05 5.85019195e-05 7.27238090e-05 6.52939935e-05
 6.06344613e-05 5.26640363e-05 4.18866088e-05 5.63346729e-05
 6.29152109e-05 7.47235728e-05 2.81875763e-05 8.41618026e-05
 5.58632192e-05 3.20132357e-05 8.75589208e-04 4.27022275e-05
 6.18683003e-05 4.21961790e-05 4.04393356e-05 2.49798418e-05
 6.89389277e-05 7.68750908e-05 5.81210178e-05 5.53825373e-05
 3.88660725e-05 5.29456068e-05 5.66093345e-05 3.97568384e-05
 5.14183514e-05 5.18202144e-05 2.92656431e-05 5.52456236e-05
 3.64420489e-05 5.42646294e-05 6.24507933e-05 4.81843078e-05
 4.45043046e-05 5.21660375e-05 4.78206726e-05 5.68030097e-05
 5.24785822e-05 5.74082035e-05 3.67096087e-05 7.06118920e-05
 6.85680079e-05 5.42676831e-05 4.91181508e-05 5.21766450e-05
 4.58957407e-05 4.08918618e-05 3.18647767e-05 4.52900071e-05
 8.01327916e-05 8.26647357e-04 5.23014199e-05 3.28447451e-05
 7.49117779e-05 6.13878380e-05 3.97123966e-05 6.07190573e-05
 6.00638095e-05 5.22386027e-05 8.35353360e-05 6.48411665e-05
 5.51420269e-05 3.77122092e-05 4.25840873e-05 7.80856781e-05
 3.96085530e-05 6.51476582e-05 6.73171164e-05 4.68909963e-05
 5.60018630e-05 7.31863415e-05 7.85449513e-05 5.32638052e-05
 5.56878937e-05 4.31705877e-05 4.22573890e-05 4.70507856e-05
 6.37318652e-05 3.41346943e-05 4.29489423e-05 8.70851349e-04
 4.84118953e-05 9.60137188e-05 4.84538155e-05 1.74086267e-05
 6.75695840e-05 5.80250615e-05 9.04470375e-05 4.23274289e-05
 4.76396139e-05 4.27825992e-05 6.18670379e-05 3.93513900e-05
 6.44858386e-05 5.90140893e-05 4.36634059e-05 4.87766662e-05
 3.96799971e-05 7.26437130e-05 5.92473137e-05 6.18141655e-05
 5.77153960e-05 4.48287739e-05 4.17731606e-05 5.32042044e-05
 6.04896037e-05 5.13544486e-05 4.44879743e-05 9.15130458e-04
 4.56196476e-05 6.95760581e-05 6.20371571e-05 6.27101386e-05
 9.80793774e-04 4.90049686e-05 4.99598201e-05 4.17456352e-05
 5.52006411e-05 3.10910683e-05 5.41666166e-05 6.76210950e-04
 4.61103567e-05 5.84722655e-05 4.97384833e-05 4.39222097e-05
 4.56766376e-05 3.99640042e-05 6.79543197e-05 5.52223649e-05
 4.15993685e-05 6.48586141e-05 5.75205446e-05 4.14593827e-05
 6.99659886e-05 7.71223045e-05 4.68996212e-05 5.38462863e-05
 7.11117764e-05 5.03893139e-05 8.30334433e-05 5.99689102e-05
 4.38320604e-05 5.65926565e-05 2.61443370e-05 4.56804114e-05
 7.86190759e-05 5.90143144e-05 8.26711571e-05 2.93802008e-05
 4.30142708e-05 3.57154333e-05 7.81264805e-05 5.65196130e-05
 7.00505135e-05 3.37266604e-05 3.81518910e-05 6.45358228e-05
 8.42840154e-05 2.42396834e-05 5.52536310e-05 5.81582649e-05
 4.49501871e-05 4.34025523e-05 5.94485186e-05 6.14339851e-05
 7.84758690e-05 3.45153735e-05 5.83653980e-05 6.10376089e-05
 3.48124133e-05 5.06254591e-05 5.98838897e-05 4.06372949e-05
 6.56511201e-05 5.19007805e-05 5.47798966e-05 5.55392754e-05
 5.33472216e-05 6.44411113e-05 4.67618149e-05 4.10800005e-05
 4.75605039e-05 5.45276476e-05 5.42238515e-05 6.92942520e-05
 5.44800361e-05 5.39754663e-05 6.87765269e-05 8.62857748e-05
 4.80852133e-05 4.41428774e-05 7.20678457e-05 6.29268901e-05
 5.63142968e-05 4.73211419e-05 5.18229811e-05 4.16104995e-05
 5.99411204e-05 5.01710279e-05 5.43743389e-05 6.15682973e-05
 8.71013062e-04 6.28399918e-05 5.26521172e-05 4.21480593e-05
 7.39236845e-05 6.45635660e-05 8.88666618e-05 3.38045835e-05
 6.23681718e-05 3.88537512e-05 5.46182593e-05 4.64118870e-05
 3.37138407e-05 5.34339536e-05 8.77421472e-05 7.05156821e-05
 5.65686320e-05 3.78399932e-05 6.86549708e-04 4.63553414e-05
 3.34751702e-05 4.52508977e-05 5.62367819e-05 1.05740943e-03
 6.02062034e-05 6.56535663e-05 6.37136148e-05 4.28956833e-05
 4.23174678e-05 6.09983243e-05 5.11376499e-05 3.77870611e-05
 5.62111029e-05 8.19572187e-05 5.17678510e-05 4.31348237e-05
 3.77342486e-05 9.63117813e-04 6.07481779e-05 6.09593503e-05
 4.72941937e-05 3.29213878e-05 3.63777390e-05 5.08759535e-05
 4.50016528e-05 5.56821505e-05 8.08302904e-04 4.29673071e-05
 8.68466187e-05 5.32826750e-05 4.45974249e-05 6.24603048e-05
 8.61017480e-05 3.65089172e-05 5.26156534e-05 3.85654419e-05
 5.63648931e-05 5.15101003e-05 5.43519360e-05 4.84324919e-05
 6.05806645e-05 4.95084153e-05 6.28916588e-05 6.82229803e-05
 7.32980690e-05 3.76129986e-05 3.50716157e-05 5.05620395e-05
 6.66735413e-05 4.47876945e-05 7.18619424e-05 4.13347671e-05
 6.08817846e-05 2.45525314e-05 7.04105525e-04 2.84753144e-05
 5.27712883e-05 3.20079706e-05 5.75216848e-05 6.35233826e-05
 6.18642550e-05 3.79714509e-05 4.36644780e-05 7.23275384e-05
 5.08521442e-05 5.95931409e-05 7.04578537e-05 4.86540569e-05
 7.04085004e-05 7.24911759e-04 7.03808375e-05 3.81636496e-05
 3.66791020e-05 4.51456100e-05 5.49151804e-05 5.22507411e-05
 6.44903621e-05 2.67050362e-05 4.53422238e-05 3.92326326e-05
 9.03619989e-04 5.34706671e-05 5.28165592e-05 6.87602884e-04
 6.25385798e-05 3.81264504e-05 5.85600072e-05 5.33080944e-05
 6.48307180e-05 4.13009084e-05 2.79497821e-05 6.52590716e-05
 6.05089925e-05 2.71001732e-05 4.17100468e-05 6.26437744e-05
 4.40463546e-05 5.81676713e-05 4.01283243e-05 3.89729667e-05
 5.58585270e-05 5.65164970e-05 5.68118724e-05 7.28262841e-04
 6.78739587e-05 3.37124944e-05 5.20016624e-05 2.94430451e-05
 6.02675795e-05 5.43333911e-05 8.39862099e-04 6.76186255e-05
 7.98403219e-05 3.04049810e-05 5.81003330e-05 4.58321435e-05
 6.02166890e-05 5.41868340e-05 3.31647112e-05 4.90956526e-05
 4.87402313e-05 8.95948113e-04 5.51419859e-05 4.69706815e-05
 5.62022717e-05 4.20212669e-05 4.69977194e-05 5.91589908e-05
 5.24831678e-05 3.88226198e-05 7.11924324e-05 4.26892612e-05
 5.08721090e-05 4.81307786e-05 3.88840239e-05 8.09048960e-05
 4.21138551e-05 5.37264280e-05 4.18297244e-05 4.47242158e-05
 5.03377321e-05 9.44406629e-04 4.59389477e-05 3.75142115e-05
 4.97741451e-05 6.06251729e-05 5.94604138e-05 8.43362688e-05
 5.53881250e-05 6.16018626e-05 7.23119475e-04 3.99846947e-05
 6.10888072e-05 5.52286949e-05 5.87923859e-05 6.06492263e-05
 4.86660733e-05 6.71092003e-04 7.06286235e-05 6.62990605e-05
 7.85613347e-04 8.13308227e-05 5.02288321e-05 5.93378674e-05
 5.48427528e-05 6.39787695e-05 4.12641540e-05 3.39310407e-05
 4.62722990e-05 6.50850708e-05 9.45594250e-05 4.28043617e-05
 5.53751950e-05 7.11130782e-04 7.14315247e-05 4.14326091e-05
 4.77127848e-05 3.21150197e-05 7.36025247e-05 5.62604792e-05
 5.00989131e-05 3.63330049e-05 4.38301686e-05 8.21292473e-05
 4.74876042e-05 5.62547277e-05 5.62320592e-05 3.75453896e-05
 7.59511280e-05 8.01410787e-05 4.38573471e-05 4.43908912e-05
 5.38121823e-05 2.84225313e-05 5.46924230e-05 3.84253320e-05
 7.67216947e-05 5.41887760e-05 4.15475640e-05 4.17254619e-05
 6.65336483e-05 5.97271653e-05 4.70608115e-05 5.38421153e-05
 7.77170255e-05 5.51727353e-05 6.16318402e-05 6.42374650e-05
 2.82394473e-05 2.78704184e-05 5.24390144e-05 7.61807513e-05
 7.03576653e-05 5.53645089e-05 2.00322159e-05 6.35997156e-05
 4.49121953e-05 5.81506845e-05 5.90741655e-05 8.34466384e-04
 4.65303439e-05 5.22923625e-05 5.76361937e-05 2.88669608e-05
 5.25409435e-05 7.17583075e-05 6.02749940e-05 4.61520781e-05
 5.30157862e-05 8.19002883e-04 4.90996950e-05 6.98810268e-05
 9.83363798e-04 3.75041895e-05 3.64896501e-05 4.34798462e-05
 8.02351420e-05 6.76513007e-05 4.23127152e-05 4.40814751e-05
 3.57667655e-05 4.67689467e-05 7.89215688e-05 5.16350531e-05
 4.94054949e-05 7.87208792e-05 3.09508270e-05 6.41411801e-05
 7.33416171e-05 4.72445848e-05 6.44641216e-04 6.52770506e-05
 7.34272714e-05 4.65640462e-05 5.97104588e-05 7.93022770e-04
 5.32068842e-05 3.74069400e-05 5.09543855e-05 4.84995894e-05
 8.64121371e-04 3.54036337e-05 4.09365197e-05 4.18041941e-05
 6.32967905e-05 4.73459185e-05 6.47519163e-05 5.83301502e-05
 4.93748060e-05 5.33458860e-05 1.03777581e-03 4.66067234e-05
 6.59195985e-05 3.92534786e-05 6.55083347e-05 5.97664306e-05
 9.61047478e-05 4.18731194e-05 5.39580821e-05 2.96150057e-05
 4.21445367e-05 4.12683143e-05 5.54448089e-05 4.88974746e-05
 7.48413516e-04 3.95818495e-05 4.96663284e-05 6.66066044e-04
 2.81658260e-05 6.21825035e-05 5.10284671e-05 8.49543172e-04
 6.96962729e-05 4.65204468e-05 6.62967006e-05 3.32112197e-05
 5.45074266e-05 3.30402969e-05 4.33274514e-05 4.13093047e-05
 5.71690652e-05 5.87978453e-05 6.42650438e-05 4.18101790e-05
 7.02386606e-04 7.94476852e-05 1.03976405e-04 3.71385158e-05
 3.94803531e-05 5.60319112e-05 6.18624590e-05 7.22663792e-05
 6.99922668e-05 8.04699549e-05 4.57551984e-05 4.91836379e-05
 4.43562527e-05 2.91657572e-05 4.19949142e-05 9.34892079e-04
 4.14564212e-05 4.93766530e-05 4.77736109e-05 7.30973307e-05
 6.29556091e-05 3.34660912e-05 5.68630540e-05 5.66432884e-05
 5.79999999e-05 5.97550801e-05 5.89967904e-05 7.59647512e-05
 6.10884993e-05 5.34780779e-05 5.39179851e-05 4.32999978e-05
 5.42008714e-05 9.06417716e-04 5.40543650e-05 5.38799149e-05
 3.89485891e-05 6.53326975e-05]