[9.21965887e-05 8.76287694e-05 6.99658294e-05 7.74631555e-05
 8.73109420e-05 7.76919758e-05 1.04179157e-04 8.42253831e-05
 6.99235136e-05 9.31827326e-05 8.73864383e-05 7.29180518e-05
 7.33564477e-05 8.14733376e-05 7.75467173e-05 7.41416165e-04
 7.34850083e-05 7.24953612e-05 8.62668306e-05 8.71834427e-05
 6.96217411e-05 8.89558853e-05 8.68462850e-05 8.19352125e-05
 6.28610780e-05 9.24834992e-05 7.42749635e-05 8.04197664e-05
 1.10256868e-04 8.35754734e-05 5.96031609e-05 6.82427459e-05
 6.50350812e-05 6.99963828e-05 6.35258827e-05 7.56441739e-05
 8.23107428e-05 1.17277137e-04 7.12714420e-05 9.66247732e-05
 9.19435346e-05 7.61151653e-05 7.82061198e-05 8.24406506e-05
 7.93815034e-05 5.99006240e-05 7.65407472e-05 7.75548345e-05
 8.60551925e-05 7.66194998e-05 8.22616240e-05 7.81027708e-05
 7.86554925e-05 6.64025728e-05 9.21193032e-05 8.30939303e-05
 8.37273031e-05 7.56813288e-05 9.27084797e-05 7.99645879e-05
 7.63187442e-05 7.20091805e-05 1.10120097e-04 9.00837332e-05
 9.61005535e-05 7.94073794e-05 9.87838132e-05 8.78964713e-05
 8.06296512e-05 9.35575137e-05 7.96101039e-05 7.37006110e-05
 6.59306391e-05 9.41571092e-05 9.12089128e-05 6.75722551e-05
 9.07122383e-05 8.30522003e-05 9.93740917e-05 9.15465762e-05
 7.91404659e-05 7.38127636e-04 7.95638454e-05 6.52504995e-05
 7.88429927e-05 6.37806679e-05 9.23315798e-05 6.78213305e-05
 9.67967012e-05 6.57360397e-05 9.23860699e-05 6.78219718e-05
 6.43415793e-05 7.13838349e-05 9.05731443e-05 9.28950300e-05
 8.71051364e-05 8.64745486e-05 5.92601954e-05 9.09045220e-04
 8.60795206e-05 5.95507009e-04 6.79387395e-05 6.49548033e-05
 9.05303591e-05 8.06240359e-05 9.37608242e-05 6.73995186e-05
 6.81785729e-05 7.59984592e-05 6.73993960e-05 9.56131623e-05
 9.43643494e-05 7.84009154e-05 7.62750872e-05 7.35018013e-05
 8.43579040e-05 8.98482386e-05 1.02216403e-04 6.88908051e-05
 7.97276865e-05 7.33132914e-05 8.55582101e-05 8.23857538e-04
 7.76384031e-05 8.19672075e-05 8.00193375e-05 6.62155175e-05
 6.80997886e-05 7.19785739e-05 1.03392233e-04 1.00427260e-04
 9.94625560e-05 7.50385875e-05 7.19162163e-04 7.26136796e-05
 8.88859370e-05 6.52267413e-05 7.24136736e-05 7.87921200e-05
 7.71951309e-05 6.12288127e-05 6.62615901e-05 7.62735088e-05
 6.41724096e-05 9.04424551e-05 7.26968640e-05 8.38271318e-05
 9.07914882e-05 9.39976083e-04 8.64274950e-05 6.36322532e-05
 7.29341196e-05 1.00049385e-04 8.00784003e-05 7.82764302e-05
 7.17709282e-05 7.48337228e-05 9.56420254e-05 7.91439781e-05
 9.45736228e-05 7.72034196e-04 7.68510445e-05 6.65090632e-05
 6.80523490e-05 5.45265989e-05 6.96411981e-05 7.67943748e-05
 7.70513738e-05 6.59334678e-05 7.49396059e-05 8.40526286e-05
 7.31128063e-05 7.69685026e-05 8.77214675e-04 6.31037941e-05
 7.89636258e-05 8.38092380e-05 6.14852231e-05 9.64526154e-05
 8.90701324e-05 7.69686438e-04 9.09849871e-05 8.60144397e-05
 6.62489784e-04 8.25579275e-05 6.91085443e-05 8.63460325e-05
 7.66044533e-05 4.38994054e-05 1.02147050e-04 5.65547520e-05
 7.42522971e-05 7.49064165e-05 9.30092679e-05 9.26084725e-05
 7.54695090e-05 7.24985198e-05 7.83767712e-05 8.47647629e-05
 7.42224242e-05 7.47244683e-05 7.53910204e-05 6.28674768e-05
 9.86302208e-05 6.44915546e-05 9.92001682e-05 7.53702348e-05
 8.43254185e-05 6.84965937e-04 7.34000952e-05 7.24484377e-05
 8.18586402e-05 6.33761295e-05 9.27188271e-05 1.00810375e-04
 1.05994693e-04 7.99657644e-05 6.89920913e-05 9.33279364e-05
 8.83332661e-05 7.48558279e-05 7.39222279e-05 8.36128535e-05
 8.15507301e-05 8.72773995e-05 8.17817950e-05 8.91499380e-05
 7.35109153e-05 1.03502402e-04 8.94514145e-05 8.91217846e-05
 7.26473254e-05 1.12584562e-04 8.27679434e-05 6.40719401e-05
 7.00857734e-05 6.48945919e-05 8.33051876e-05 7.03880597e-05
 1.15587792e-03 6.85649696e-05 9.76181499e-05 8.08157595e-05
 9.18543843e-05 7.68502807e-05 7.54814113e-05 9.58728785e-04
 6.50179022e-05 9.81876216e-05 8.61611243e-05 8.65546536e-05
 7.08890223e-05 9.24169471e-05 7.25794246e-05 7.02947272e-05
 7.80342028e-05 6.33013244e-04 6.56497577e-05 6.44508362e-05
 8.00720744e-05 7.90648342e-05 6.67025334e-05 8.09889798e-05
 7.88201639e-05 7.64758397e-05 7.51718954e-05 8.14777737e-05
 6.32516616e-05 7.51686868e-05 7.20450684e-05 1.07718050e-04
 9.27447874e-05 8.71528792e-05 7.04614015e-05 6.47961447e-05
 8.37106495e-05 8.21438812e-05 9.79569212e-05 7.66296247e-05
 6.30147445e-05 8.03792037e-05 6.16105989e-05 7.70394463e-05
 6.48468457e-05 7.60914842e-05 5.33188720e-05 9.30829420e-05
 7.38405543e-05 7.74018131e-05 7.53418549e-05 8.13902756e-05
 8.98621500e-05 7.56702898e-05 9.00993298e-05 7.09898249e-05
 8.46818891e-05 6.87156541e-05 8.85451885e-05 6.84357186e-04
 8.24540070e-05 6.86697752e-05 4.63426713e-05 5.57066033e-05
 1.04930905e-03 6.77304423e-05 8.84693687e-05 8.97424495e-05
 6.01160834e-05 7.17725042e-05 9.86190467e-05 6.75293296e-05
 7.76914057e-05 9.30922176e-05 7.58538217e-05 7.03440004e-05
 9.20599821e-05 5.83259396e-05 8.03226010e-05 6.72041349e-05
 7.06329578e-05 6.98295526e-05 7.08434298e-05 5.47760042e-05
 9.21605254e-05 7.11905670e-05 6.34391561e-05 7.04166578e-05
 7.92053388e-05 7.28681585e-05 6.61351305e-05 8.32070106e-05
 8.07293719e-05 6.96861829e-05 8.36731161e-05 7.79938318e-05
 8.10789454e-04 7.08278718e-05 7.50208636e-05 8.57333713e-05
 7.73936256e-05 7.13255517e-05 8.32476042e-05 7.99841219e-05
 7.57148298e-05 7.19719111e-05 7.98732672e-05 7.44772721e-05
 8.18881812e-05 5.57941663e-05 6.10155977e-05 8.71609762e-05
 7.84594568e-05 7.97322568e-05 6.82811460e-05 7.99894153e-05
 8.90299836e-05 7.43405056e-05 8.75026558e-05 8.41846401e-05
 8.40825481e-05 6.72912570e-05 7.21196268e-05 7.93924073e-05
 8.24128551e-05 5.94695139e-05 7.17204446e-05 8.60027750e-05
 6.56101241e-05 7.43080817e-05 5.92059723e-05 6.39941809e-05
 7.27121041e-05 8.51260059e-05 7.39189981e-05 1.00622796e-04
 8.08467875e-05 6.61338347e-05 7.54510729e-05 6.56050187e-05
 7.97827616e-05 7.95959278e-05 7.07661903e-05 8.01110191e-05
 8.36011202e-05 6.43165825e-05 7.66902011e-05 7.64660342e-05
 7.70807619e-05 1.03343104e-04 6.20501634e-05 8.90154023e-05
 6.05479894e-05 7.18630305e-05 6.23842144e-05 7.31240089e-05
 9.41754259e-05 6.83610180e-04 6.29031922e-05 7.10120176e-05
 6.02539394e-05 6.50210187e-05 8.48782459e-05 7.63693481e-05
 7.91274509e-05 8.17095981e-05 1.10237929e-04 6.94475199e-05
 8.74983149e-05 8.85336691e-05 7.82937905e-05 6.97004697e-05
 9.99085561e-04 7.59967907e-05 6.75736837e-05 8.85928102e-05
 5.56438305e-05 8.18384194e-05 8.38591504e-05 5.70160107e-05
 8.08933996e-05 8.47598531e-05 7.05693694e-05 6.18076478e-05
 6.08477479e-05 7.14380599e-05 5.46747920e-05 8.50718130e-05
 6.97064724e-05 8.76994259e-05 7.98184432e-05 7.02505763e-05
 6.09395628e-05 7.58954318e-05 6.16528045e-05 7.41325912e-05
 9.24219216e-05 6.27167258e-05 9.61241146e-05 6.92737154e-05
 6.62960298e-05 6.66988424e-05 6.83740066e-05 6.09322276e-05
 7.77157996e-05 8.92978838e-05 1.06030329e-04 7.53099362e-05
 7.31326030e-05 5.64015467e-05 7.98157526e-05 7.06871437e-05
 7.30448342e-05 7.90161096e-05 9.41929669e-04 9.39878965e-05
 8.35510999e-05 7.06394641e-04 7.34927587e-05 7.04828840e-05
 1.05463206e-04 6.29166874e-05 5.95061796e-05 7.19473819e-05
 7.67856417e-05 5.86168838e-05 1.08015986e-04 8.65455573e-05
 6.33408978e-05 8.24068033e-05 7.99002574e-05 8.43412888e-05
 7.51482622e-05 5.62313522e-05 7.23408656e-05 8.26286621e-05
 8.22506577e-05 9.74738565e-05 6.47584186e-05 7.50230427e-05
 8.59350396e-05 6.61601024e-05 7.19130691e-05 7.02277880e-05
 7.84941522e-05 7.48432342e-05 8.13379223e-05 8.55654481e-05
 7.57321281e-05 9.51183702e-05 7.64153783e-05 5.95751423e-05
 7.20369138e-05 6.84440630e-05 9.92826618e-05 7.35314723e-05
 7.81391797e-05 6.05724788e-05 6.97695736e-05 7.07461157e-05
 6.68548270e-05 5.88815005e-05 8.11233209e-04 8.00422763e-05
 8.89785986e-05 6.18532386e-05 7.58369416e-05 6.48090322e-05
 9.30556439e-05 8.85856793e-05 8.42688534e-04 5.53985372e-05
 8.38654136e-05 7.39716574e-05 6.96883300e-05 7.51510409e-05
 6.87608732e-05 9.63886812e-05 4.67327105e-05 8.85186108e-05
 9.03996488e-05 8.90422213e-05 7.56216296e-05 6.57474756e-05
 7.57868381e-04 9.74938143e-05 5.47236627e-05 8.80703177e-05
 7.51755681e-05 8.58453919e-05 7.87824659e-05 7.42968225e-05
 7.39988533e-05 6.61355920e-05 9.34765328e-05 8.63180282e-05
 7.85323780e-05 8.77295412e-05 8.18850689e-05 7.00205662e-05
 8.44775707e-05 8.35092446e-05 5.30031459e-05 5.44584706e-05
 7.98389931e-05 9.22956027e-05 7.93271059e-05 6.33938970e-05
 8.57661626e-05 7.25385289e-05 5.98377544e-05 5.55667516e-05
 5.58824767e-05 6.58387411e-05 5.32400080e-05 1.04287078e-04
 7.95209132e-05 1.01241099e-04 7.34051831e-05 8.62871463e-05
 9.24685412e-05 7.40004716e-05 8.95033246e-05 7.13394805e-05
 5.93401523e-05 6.25613833e-05 8.04034585e-05 7.00664297e-05
 7.62325836e-05 6.17910105e-05 9.98276584e-05 7.34875107e-05
 6.14675482e-05 6.24526770e-05 7.86266852e-05 7.21943950e-05
 8.93330297e-05 6.19624389e-05 8.40572607e-05 8.29460289e-05
 8.14428441e-05 7.27236426e-05 7.04413942e-05 6.18963721e-05
 8.37706262e-05 9.47761009e-05 9.25609413e-05 8.33393635e-05
 7.36372321e-05 6.83193213e-05 7.60612626e-05 8.25791320e-05
 7.27157924e-05 9.57593342e-05 8.34243961e-05 7.39610881e-05
 7.47690465e-05 7.53999868e-04 7.53455338e-05 7.92408732e-05
 6.33591177e-05 9.03472847e-05 7.65801603e-05 8.29279524e-05
 6.17351763e-05 8.11233325e-05 8.20621785e-05 6.09609393e-05
 5.44976868e-05 8.01398893e-05 7.91571444e-05 5.75182116e-05
 5.97167845e-05 8.36946648e-05 1.01552533e-04 7.79554969e-05
 7.54691808e-05 7.43897248e-05 8.45656381e-05 6.59366251e-04
 8.55809524e-05 6.30282970e-05 5.72562486e-05 6.16343437e-05
 7.29145800e-04 6.38566404e-05 8.67400323e-05 1.03816598e-04
 7.75594182e-05 7.30574522e-05 8.17530659e-05 8.20995418e-05
 6.62972071e-05 7.24469431e-05 8.10118491e-05 6.41844387e-05
 7.71801459e-05 9.62675437e-05 8.06732862e-05 6.61907850e-05
 7.24559282e-05 6.41894884e-04 7.77512465e-05 6.84064570e-05
 5.51612189e-05 8.42497273e-05 8.54913439e-05 7.52350289e-05
 6.10234281e-05 8.13238186e-05 1.03479327e-04 8.83561712e-05
 7.82840509e-05 7.02029266e-05 9.20305448e-05 7.80644360e-05
 8.05039486e-05 6.59564141e-05 6.81912478e-05 7.39660150e-05
 9.15414662e-05 7.03158016e-05 5.63816891e-05 7.42348425e-05
 7.50509983e-05 8.55164475e-05 6.57789302e-05 6.37382098e-05
 8.06121213e-05 8.00656386e-05 8.60116886e-04 8.88044265e-05
 6.77984276e-05 9.08093688e-05 1.06665044e-03 7.97772740e-05
 6.56144539e-05 8.40467764e-05 8.57592528e-05 7.23026118e-05
 8.91452502e-05 6.75695360e-05 9.24123881e-05 5.95708231e-05
 5.90276448e-05 8.48056215e-05 7.98254075e-05 7.54876960e-05
 8.07348500e-05 7.58540163e-05 8.41783537e-05 7.75139372e-05
 8.78955929e-05 7.56323509e-05 6.27984141e-05 9.61606848e-04
 1.07393774e-04 6.39905220e-05 9.49331929e-05 6.32432414e-05
 6.86925924e-05 9.62194588e-05 7.34761462e-05 1.01610538e-04
 6.69271820e-05 9.62509480e-05 6.54868605e-05 7.03681944e-05
 6.82948479e-05 6.78012034e-04 1.02568962e-04 1.04579997e-04
 8.07042088e-05 6.43480053e-04 9.84498261e-04 7.65018183e-05
 7.82354765e-05 6.94885233e-05 1.00501836e-03 6.66006471e-05
 7.87716494e-05 8.08322470e-05 5.50508280e-05 8.85537445e-05
 6.88734189e-05 1.03426568e-03 7.31843101e-05 6.97954594e-05
 9.41154310e-05 7.38684734e-05 9.21833897e-05 9.19134141e-04
 6.57831331e-05 5.72181877e-05 7.34719760e-05 7.19271951e-05
 7.13136860e-05 7.34905389e-05 7.53271090e-05 8.02936006e-05
 8.12674650e-05 8.74164797e-05 8.27709944e-05 8.72844192e-05
 7.90363653e-05 8.80047715e-05 6.70451382e-05 7.15845601e-05
 5.95073405e-05 8.75675923e-05 6.49559947e-05 1.16380795e-04
 1.06138896e-04 7.96698394e-05 6.91745886e-05 8.38419495e-05
 9.70927824e-05 8.34824260e-05 7.82781060e-05 7.93401034e-05
 9.44135586e-05 7.43690334e-05 9.05408592e-05 5.31431037e-05
 5.93136100e-05 6.85065673e-05 8.87408179e-05 8.82380711e-05
 7.12456359e-04 5.47413059e-04 5.85028778e-05 1.02669436e-04
 7.97999086e-05 9.03589697e-05 5.24340371e-05 5.91055860e-05
 4.99408470e-04 9.94176823e-05 6.41369777e-05 6.28303566e-05
 8.64843596e-05 7.03398692e-05 7.29034827e-05 7.50332794e-05
 8.12710994e-05 7.27054503e-05 7.64523733e-05 7.80410669e-05
 7.05573478e-05 8.74128158e-05 9.49833994e-05 7.77027431e-05
 6.99173539e-05 9.21979749e-05 7.60742568e-05 8.46583126e-05
 6.76641951e-05 9.09097630e-05 7.39849954e-05 8.80080311e-05
 6.83965275e-05 9.56813652e-05 7.79641312e-05 7.42693143e-05
 9.61118682e-05 7.74462810e-05 9.30915695e-05 7.76224798e-05
 8.61720837e-05 7.41584641e-05 6.62195308e-05 7.61257021e-05
 6.48210820e-05 7.18475203e-05 7.75569037e-05 8.52317952e-05
 8.91282125e-05 6.83552353e-05 8.10841259e-05 8.29655955e-05
 8.05345706e-05 7.47243633e-05 6.68316365e-05 5.37165827e-05
 9.22646696e-05 6.40110276e-05 8.15490421e-05 4.89708203e-05
 8.66577511e-05 9.50308542e-05]