[6.83478281e-05 7.37481276e-05 6.32487902e-05 8.00429563e-05
 8.78127337e-05 5.83540731e-05 1.05009584e-04 6.26279912e-05
 7.77474131e-05 5.91224782e-05 6.49531691e-05 8.82939945e-05
 6.54689095e-05 1.05895499e-04 8.04325237e-05 9.77551446e-05
 8.23088818e-05 6.47173190e-04 6.50075357e-05 7.26021818e-05
 8.99120457e-05 6.74739718e-05 6.19525348e-05 9.89791450e-04
 4.88874476e-05 7.98594352e-05 7.69046649e-05 7.17574990e-05
 7.89764523e-05 8.04358124e-05 8.01099615e-05 6.90908268e-05
 8.62514995e-05 5.53238196e-05 8.04642596e-05 7.79509079e-04
 8.32345220e-04 7.14616320e-05 9.30235168e-05 7.68031592e-05
 7.74459487e-05 5.81150975e-04 6.50491680e-05 7.91033005e-05
 7.87968765e-05 7.25247637e-05 6.66575745e-05 8.21588775e-05
 6.19731404e-05 7.24965948e-05 7.43335248e-05 1.03221842e-04
 5.69971662e-05 1.09496177e-04 8.15970052e-05 7.71554958e-05
 9.05253010e-05 6.87039845e-05 9.19050477e-05 6.10023619e-05
 8.27061545e-05 8.40938434e-05 6.56669478e-05 7.29435153e-04
 1.14981013e-04 7.78280824e-05 7.51026975e-05 8.17994103e-05
 6.54215247e-05 8.99086599e-05 7.92083730e-05 8.12526622e-05
 8.08133120e-05 5.18300579e-05 1.04021644e-04 6.16698257e-05
 7.30880015e-04 6.76020182e-05 9.15115559e-05 9.32347662e-05
 7.20926155e-05 6.56937289e-04 8.99351528e-05 9.37099229e-05
 7.29769706e-05 8.23012913e-05 7.69134843e-05 7.62033442e-05
 7.76708263e-05 8.33030265e-05 8.46965786e-05 7.62231655e-05
 1.01035475e-04 9.75290293e-05 6.62373600e-05 7.04466985e-05
 6.68157597e-05 8.15666762e-05 7.71817520e-05 6.34863982e-05
 7.74088422e-05 9.08203516e-05 8.53931845e-05 6.44170562e-05
 7.41977105e-05 7.07735755e-05 7.36739907e-05 6.87314974e-05
 8.61046334e-05 8.80794650e-05 7.18474589e-05 8.79439921e-05
 7.55370168e-05 8.88506039e-05 6.77412640e-05 7.42428794e-05
 8.36556299e-04 7.08277667e-05 6.95835484e-05 7.77557592e-05
 9.10140869e-05 8.84310266e-05 7.34433863e-05 8.10508842e-05
 6.25399299e-05 7.84700847e-05 9.43978863e-05 8.02528162e-05
 9.42888962e-05 8.86480072e-05 8.53504855e-05 7.72386550e-05
 5.79610298e-05 8.16288225e-05 9.57340155e-05 7.56346517e-05
 9.84684412e-05 6.71978602e-05 1.02366465e-04 6.70152483e-05
 7.33293309e-05 7.69241528e-05 8.49968172e-04 7.33967317e-05
 4.95343993e-05 8.46686993e-05 7.54960920e-05 9.28193650e-05
 6.80741540e-05 6.30837676e-05 7.84591427e-05 7.51034989e-05
 7.01778096e-05 7.74392866e-05 7.55454047e-05 7.19038453e-05
 1.15447502e-04 8.50147378e-05 8.27683402e-05 7.10935614e-05
 6.29680994e-05 7.75334507e-05 9.09881827e-05 8.52488577e-05
 8.88967915e-05 9.05894659e-05 7.02069428e-05 9.24137601e-05
 5.53216052e-05 8.00368819e-05 8.36704547e-05 9.18371359e-05
 7.09687338e-05 8.77832743e-05 8.13763690e-05 6.91897269e-05
 1.02962221e-04 8.08583213e-05 8.00903514e-05 7.50963021e-05
 7.71588761e-05 7.65525134e-05 6.87146592e-05 7.18243068e-05
 7.78668634e-05 5.61949235e-05 9.09068738e-04 7.32621715e-05
 8.94436890e-04 7.50336693e-05 7.62768203e-05 7.18610167e-04
 7.63893444e-05 7.37201234e-05 8.40097634e-05 9.13135866e-04
 7.79376205e-05 8.75576779e-05 8.83629676e-05 7.34735812e-05
 7.63159139e-05 9.88080061e-05 8.97796564e-05 7.54994861e-05
 6.34560725e-05 6.72796823e-05 5.72260013e-05 8.28817238e-05
 8.39805599e-05 7.09638992e-05 8.37437991e-04 8.99300086e-05
 8.66034901e-05 6.70285153e-05 9.81572722e-05 6.39285779e-05
 7.43883370e-05 9.04729195e-05 5.94599610e-05 8.04753490e-05
 8.62545728e-05 7.30434976e-05 6.82863550e-05 8.92086441e-05
 7.55040181e-05 8.86839254e-05 6.80445648e-05 8.13321568e-05
 7.38294561e-05 7.04321049e-05 1.03343715e-04 5.91095367e-05
 8.58048253e-05 7.05796545e-05 8.64191374e-05 7.87987179e-05
 1.18709293e-04 6.99217841e-05 6.18909139e-05 7.51418604e-05
 7.47507885e-05 6.55762929e-05 9.44257934e-05 7.52205547e-05
 7.40144932e-05 6.45634585e-05 6.67124551e-05 7.04183116e-05
 9.08420615e-05 9.13652988e-05 7.35354632e-05 8.50220222e-05
 8.30702776e-05 6.95489305e-05 9.25184236e-05 9.09101010e-05
 7.99291295e-05 7.11519346e-05 8.50795902e-05 7.23671312e-05
 6.60790713e-04 9.91181588e-05 6.55022807e-05 9.74237091e-05
 8.41979745e-05 8.32100586e-05 9.60097591e-05 8.93229252e-05
 8.51293462e-05 7.79559637e-05 6.82562789e-05 8.12595366e-05
 8.71820209e-05 9.78095466e-05 5.59271497e-05 1.06303953e-04
 8.08352283e-05 5.93702431e-05 8.18588618e-04 6.89903358e-05
 8.62398013e-05 6.85348921e-05 6.69537331e-05 5.30401886e-05
 9.26033660e-05 9.97459128e-05 8.28672471e-05 8.04026146e-05
 6.55377963e-05 7.82093772e-05 8.15067321e-05 6.63394856e-05
 7.68348473e-05 7.71965239e-05 5.68974098e-05 8.02793922e-05
 6.33561751e-05 7.93964975e-05 8.67640450e-05 7.39242081e-05
 7.06122052e-05 7.75077648e-05 7.35969363e-05 8.16810397e-05
 7.77890550e-05 8.22257142e-05 6.35969789e-05 9.41090338e-05
 9.22695382e-05 7.93992458e-05 7.47646667e-05 7.75173115e-05
 7.18644977e-05 6.73610066e-05 5.92366301e-05 7.13193374e-05
 1.02677843e-04 7.74540952e-04 7.76296089e-05 6.01186016e-05
 9.79789312e-05 8.58073852e-05 6.62994879e-05 8.52054826e-05
 8.46157595e-05 7.75730735e-05 1.05740133e-04 8.89153809e-05
 8.01861552e-05 6.44993193e-05 6.88840096e-05 1.00835441e-04
 6.62060287e-05 8.91912234e-05 9.11437357e-05 7.27602277e-05
 8.09600077e-05 9.64260384e-05 1.01248787e-04 7.84957557e-05
 8.06774353e-05 6.94118600e-05 6.85899811e-05 7.29040381e-05
 8.79170097e-05 6.12795559e-05 6.92123791e-05 8.14324545e-04
 7.41290368e-05 1.16970678e-04 7.41667650e-05 4.62260950e-05
 9.13709566e-05 8.27808863e-05 1.11960665e-04 6.86530170e-05
 7.34339835e-05 6.90626703e-05 8.62386651e-05 6.59745820e-05
 8.85955858e-05 8.36710114e-05 6.98553964e-05 7.44573306e-05
 6.62703284e-05 9.59376727e-05 8.38809134e-05 8.61910800e-05
 8.25021875e-05 7.09042275e-05 6.81541756e-05 7.84421150e-05
 8.49989743e-05 7.67773348e-05 7.05975079e-05 8.54175743e-04
 7.16160138e-05 9.31767833e-05 8.63917724e-05 8.69974557e-05
 9.13272728e-04 7.46628028e-05 7.55221691e-05 6.81294027e-05
 8.02389080e-05 5.85402925e-05 7.93082860e-05 6.39148186e-04
 7.20576521e-05 8.31833700e-05 7.53229660e-05 7.00883197e-05
 7.16673048e-05 6.65259348e-05 9.17172187e-05 8.02584595e-05
 6.79977627e-05 8.89310837e-05 8.23268212e-05 6.78717755e-05
 9.35277208e-05 9.99684050e-05 7.27679901e-05 7.90199887e-05
 9.45589298e-05 7.59087136e-05 1.05288430e-04 8.45303502e-05
 7.00071854e-05 8.14917219e-05 5.40882343e-05 7.16707013e-05
 1.01315499e-04 8.36712139e-05 1.04962372e-04 5.70005117e-05
 6.92711747e-05 6.27022210e-05 1.00872163e-04 8.14259827e-05
 9.36037932e-05 6.09123254e-05 6.48950329e-05 8.86405715e-05
 1.06413945e-04 5.23740461e-05 8.02865989e-05 8.29007694e-05
 7.10134994e-05 6.96206281e-05 8.40619978e-05 8.58489176e-05
 1.01186613e-04 6.16221672e-05 8.30871893e-05 8.54921790e-05
 6.18895030e-05 7.61212442e-05 8.44538318e-05 6.71318964e-05
 8.96443391e-05 7.72690335e-05 7.98602380e-05 8.05436789e-05
 7.85708304e-05 8.85553312e-05 7.26439645e-05 6.75303315e-05
 7.33627845e-05 7.96332138e-05 7.93597974e-05 9.29231579e-05
 7.95903635e-05 7.91362507e-05 9.24572052e-05 1.08215528e-04
 7.38350230e-05 7.02869207e-05 9.54193922e-05 8.71925322e-05
 8.12411981e-05 7.31473587e-05 7.71990140e-05 6.80077806e-05
 8.45053394e-05 7.57122561e-05 7.94952360e-05 8.59697986e-05
 8.14470087e-04 8.71143236e-05 7.79452365e-05 6.84915844e-05
 9.70896471e-05 8.86655405e-05 1.10538327e-04 6.09824561e-05
 8.66896857e-05 6.55267071e-05 7.97147644e-05 7.23290293e-05
 6.09007876e-05 7.86488893e-05 1.09526264e-04 9.40224449e-05
 8.14700998e-05 6.46143249e-05 6.48453069e-04 7.22781383e-05
 6.06859842e-05 7.12841390e-05 8.11714347e-05 9.82226814e-04
 8.47439140e-05 8.96465407e-05 8.79005843e-05 6.91644460e-05
 6.86440521e-05 8.54568229e-05 7.65822159e-05 6.45666860e-05
 8.11483237e-05 1.04319828e-04 7.71493970e-05 6.93796723e-05
 6.45191548e-05 8.97364362e-04 8.52316911e-05 8.54217463e-05
 7.31231053e-05 6.01875800e-05 6.32982961e-05 7.63466892e-05
 7.10598185e-05 8.06722665e-05 7.58030945e-04 6.92289074e-05
 1.08720288e-04 7.85127386e-05 7.06960134e-05 8.67726053e-05
 1.08049904e-04 6.34163565e-05 7.79124191e-05 6.52672287e-05
 8.12867348e-05 7.69174213e-05 7.94750734e-05 7.41475737e-05
 8.50809291e-05 7.51159047e-05 8.71608239e-05 9.19590133e-05
 9.65265931e-05 6.44100298e-05 6.21227852e-05 7.60641666e-05
 9.05645182e-05 7.08672561e-05 9.52340792e-05 6.77596214e-05
 8.53519372e-05 5.26556092e-05 6.64253304e-04 5.61861140e-05
 7.80524905e-05 5.93655045e-05 8.23278473e-05 8.77293754e-05
 8.62361605e-05 6.47326369e-05 6.98563612e-05 9.56531156e-05
 7.63252608e-05 8.41921578e-05 9.39703993e-05 7.43469822e-05
 9.39259813e-05 6.82978914e-04 9.39010848e-05 6.49056157e-05
 6.35695229e-05 7.11893801e-05 7.99819934e-05 7.75839980e-05
 8.85996569e-05 5.45928636e-05 7.13663324e-05 6.58677004e-05
 8.43816321e-04 7.86819314e-05 7.80932343e-05 6.49400926e-04
 8.68430528e-05 6.48721364e-05 8.32623375e-05 7.85356160e-05
 8.89059773e-05 6.77291486e-05 5.57131349e-05 8.92914955e-05
 8.50164243e-05 5.49484869e-05 6.80973732e-05 8.69377280e-05
 7.02000501e-05 8.29092352e-05 6.66738229e-05 6.56340011e-05
 8.08310053e-05 8.14231783e-05 8.16890162e-05 6.85994888e-04
 9.16448939e-05 6.08995760e-05 7.73598272e-05 5.70570716e-05
 8.47991526e-05 7.94583830e-05 7.86434220e-04 9.14150939e-05
 1.02414621e-04 5.79228139e-05 8.28486307e-05 7.18072601e-05
 8.47533511e-05 7.93264816e-05 6.04065711e-05 7.47444183e-05
 7.44245392e-05 8.36911633e-04 8.01861183e-05 7.28319443e-05
 8.11403756e-05 6.83774712e-05 7.28562784e-05 8.38014228e-05
 7.77931821e-05 6.54986888e-05 9.46315202e-05 6.89786661e-05
 7.63432291e-05 7.38760318e-05 6.55539526e-05 1.03372737e-04
 6.84608006e-05 7.89121162e-05 6.82050830e-05 7.08101253e-05
 7.58622900e-05 8.80524297e-04 7.19033839e-05 6.43211214e-05
 7.53550616e-05 8.51209866e-05 8.40727035e-05 1.06460973e-04
 8.04076435e-05 8.60000073e-05 6.81365858e-04 6.65445563e-05
 8.55382575e-05 8.02641564e-05 8.34714783e-05 8.51426347e-05
 7.43577970e-05 6.34541134e-04 9.41240922e-05 9.02274854e-05
 7.37610344e-04 1.03756071e-04 7.57642799e-05 8.39624117e-05
 7.99168086e-05 8.81392236e-05 6.76960696e-05 6.10962677e-05
 7.22034001e-05 8.91348947e-05 1.15661814e-04 6.90822565e-05
 8.03960065e-05 6.70576035e-04 9.48467032e-05 6.78476792e-05
 7.34998373e-05 5.94618488e-05 9.68006033e-05 8.11927623e-05
 7.56473528e-05 6.32580355e-05 7.00054827e-05 1.04474654e-04
 7.32971748e-05 8.11875859e-05 8.11671843e-05 6.43491817e-05
 9.89143462e-05 1.02685302e-04 7.00299434e-05 7.05101331e-05
 7.89892951e-05 5.61386092e-05 7.97815117e-05 6.51411298e-05
 9.96078563e-05 7.93282294e-05 6.79511387e-05 6.81112467e-05
 9.04386145e-05 8.43127798e-05 7.29130614e-05 7.90162348e-05
 1.00503654e-04 8.02137927e-05 8.60269872e-05 8.83720495e-05
 5.59738336e-05 5.56417076e-05 7.77534440e-05 9.91210072e-05
 9.38802298e-05 8.03863890e-05 4.85873253e-05 8.77980750e-05
 7.09793068e-05 8.28939470e-05 8.37250800e-05 7.81578077e-04
 7.24356405e-05 7.76214572e-05 8.24309054e-05 5.65385957e-05
 7.78451802e-05 9.51408078e-05 8.48058256e-05 7.20952014e-05
 7.82725386e-05 7.67660925e-04 7.47480565e-05 9.34512551e-05
 9.15585749e-04 6.43121016e-05 6.33990161e-05 6.96901926e-05
 1.02769959e-04 9.14445016e-05 6.86397747e-05 7.02316586e-05
 6.27484200e-05 7.26503830e-05 1.01587743e-04 7.70298788e-05
 7.50232764e-05 1.01407122e-04 5.84140753e-05 8.82853931e-05
 9.65657864e-05 7.30784573e-05 6.10735425e-04 8.93076765e-05
 9.66428753e-05 7.24659726e-05 8.42977440e-05 7.44278824e-04
 7.84445268e-05 6.42245770e-05 7.64172780e-05 7.42079615e-05
 8.08267565e-04 6.24216014e-05 6.74011988e-05 6.81821057e-05
 8.75254425e-05 7.31696577e-05 8.88350557e-05 8.30554662e-05
 7.49956564e-05 7.85696284e-05 9.64556559e-04 7.25043821e-05
 8.98859697e-05 6.58864617e-05 8.95158322e-05 8.43481185e-05
 1.17052604e-04 6.82441385e-05 7.91206049e-05 5.72118362e-05
 6.84884140e-05 6.76998139e-05 8.04586590e-05 7.45660582e-05
 7.04130495e-04 6.61819956e-05 7.52580266e-05 6.30017770e-04
 5.59075744e-05 8.65225842e-05 7.64839514e-05 7.95147185e-04
 9.32849766e-05 7.24267331e-05 9.02253616e-05 6.04484287e-05
 7.96150150e-05 6.02945982e-05 6.95530372e-05 6.77367053e-05
 8.20104897e-05 8.34763918e-05 8.83968704e-05 6.81874921e-05
 6.62706276e-04 1.02061248e-04 1.24137095e-04 6.39829952e-05
 6.60906488e-05 8.09870511e-05 8.62345441e-05 9.55980723e-05
 9.35513711e-05 1.02981290e-04 7.17380096e-05 7.48236052e-05
 7.04789584e-05 5.68075125e-05 6.83537538e-05 8.71961202e-04
 6.78691101e-05 7.49973187e-05 7.35545809e-05 9.63459286e-05
 8.72183792e-05 6.06778131e-05 8.17350796e-05 8.15372906e-05
 8.27583310e-05 8.43379031e-05 8.36554424e-05 9.89266071e-05
 8.55379804e-05 7.86886011e-05 7.90845176e-05 6.95283290e-05
 7.93391153e-05 8.46334275e-04 7.92072595e-05 7.90502544e-05
 6.56120612e-05 8.93577587e-05]