[4.87093166e-05 5.53881860e-05 4.89330514e-05 5.26443508e-05
 3.07926783e-05 5.99213811e-05 7.58383768e-04 6.36525304e-05
 6.06336863e-05 4.87940171e-05 8.59079435e-05 4.92365132e-05
 7.64675503e-05 3.87330508e-05 4.31272941e-05 6.77786801e-05
 5.73297061e-05 5.40102786e-05 5.23899830e-05 5.70941790e-05
 5.68246372e-05 3.99592788e-05 5.22074498e-05 8.04846908e-05
 7.50599404e-05 4.77459427e-05 6.20397006e-05 4.67371369e-05
 3.66542920e-05 6.90638504e-05 3.41470451e-05 6.48115474e-05
 5.46268942e-05 3.22694854e-05 4.18071578e-05 4.32912718e-05
 3.69256529e-05 7.65666116e-05 5.36700183e-05 6.33524565e-05
 7.08895376e-05 4.78708023e-05 6.07853558e-05 8.04033547e-04
 3.52716417e-05 4.08096654e-05 2.29836635e-05 5.83846112e-05
 2.35103020e-05 3.40422542e-05 7.76967844e-05 5.80212440e-05
 4.85562297e-05 5.87263281e-05 4.47661413e-05 6.03144600e-05
 4.76262598e-05 6.55001288e-05 5.11432406e-05 5.72101560e-05
 5.53310270e-05 4.35317630e-05 6.17021433e-05 4.46290299e-05
 5.08894743e-05 5.67635709e-04 4.98770069e-05 3.00746957e-05
 4.90416329e-05 7.57363472e-05 7.62140559e-05 6.84908293e-05
 7.35221664e-05 6.23900236e-05 7.83492610e-04 3.38713901e-05
 7.41083875e-05 6.10616072e-05 5.00833153e-05 4.49417983e-05
 5.71841266e-05 6.76353501e-05 3.69681410e-05 3.02152801e-05
 5.14516643e-05 4.47938687e-05 4.74311484e-05 5.35699262e-05
 3.36624996e-05 7.55954956e-05 3.38578870e-05 4.72908459e-05
 3.65022935e-05 4.86044664e-05 6.04291730e-05 4.77570565e-05
 5.47421338e-05 4.01400928e-05 5.31464052e-05 3.71658740e-05
 5.64809786e-05 5.84609371e-05 5.29171456e-05 2.35483998e-05
 3.14619893e-05 4.10598095e-05 4.00411555e-05 4.23373094e-05
 4.84738909e-05 6.30232058e-05 6.95678382e-04 2.88532472e-05
 5.32870283e-05 4.11419846e-05 5.14202055e-05 7.98006307e-05
 6.99059542e-05 5.89999597e-05 6.97166002e-05 5.33190535e-05
 6.27396884e-05 4.81425245e-05 3.88312964e-05 6.75913628e-05
 4.67194007e-05 5.46242183e-05 6.14308571e-05 9.02163528e-04
 6.07144425e-05 5.27317972e-05 7.41651467e-05 7.29909270e-05
 5.51828077e-05 6.71155222e-05 5.92781372e-05 5.53541284e-05
 5.16504935e-05 5.05802749e-05 4.04473016e-05 7.41106564e-05
 7.74231279e-05 4.03776895e-05 4.42763594e-05 4.32207179e-05
 4.97758875e-05 3.64949752e-05 4.84565456e-05 4.00501415e-05
 9.18190543e-05 6.70862470e-05 3.72316839e-05 8.53183711e-04
 4.89554328e-05 4.55138703e-05 4.13948683e-05 3.61565348e-05
 3.46312242e-05 6.40387183e-05 2.88499320e-05 5.66597560e-05
 4.53004668e-05 4.72450814e-05 6.20482303e-05 3.58201925e-05
 6.43708770e-05 5.38501375e-05 6.80878193e-05 6.32462646e-05
 7.82949430e-05 4.64242800e-05 4.93141877e-05 5.89968249e-05
 7.84881908e-05 5.71681506e-05 4.06546859e-05 8.68136701e-04
 4.38234474e-05 3.33471691e-05 3.09796156e-05 7.02251521e-05
 6.53665249e-05 5.30996608e-05 5.66610531e-05 4.16965653e-05
 9.04114522e-05 3.72635560e-05 6.71556263e-05 3.78120660e-05
 5.00091635e-05 5.55882233e-05 4.96524156e-05 7.32158799e-05
 4.80979868e-05 8.37940322e-05 3.71630405e-05 6.83147481e-05
 5.04117167e-05 3.00918779e-05 4.72832772e-05 4.58645371e-05
 5.07535862e-05 3.87017150e-05 7.79512340e-05 4.14835131e-05
 7.16679127e-05 5.79670194e-05 5.82064292e-05 7.87300724e-05
 6.11115899e-05 4.02365617e-05 7.66409875e-05 4.15594115e-05
 4.44210379e-05 5.51451029e-05 5.30750273e-05 4.83444179e-05
 4.74127015e-05 3.93099293e-05 4.66274570e-05 6.01553599e-05
 4.79237441e-05 4.32224897e-05 6.06867690e-05 7.11552770e-05
 6.18728554e-05 5.46116865e-05 6.33423172e-05 4.02271239e-05
 5.33299373e-05 7.20033249e-05 3.86368093e-05 3.19170991e-05
 4.94517455e-05 5.96502469e-05 4.26542019e-05 3.63353939e-05
 8.99263420e-04 5.14924458e-05 6.05174357e-05 8.80732403e-05
 3.77656787e-05 3.98906500e-05 3.36484706e-05 6.72181639e-05
 6.17687691e-05 3.51104435e-05 5.76510818e-05 7.23826656e-05
 7.24521958e-05 5.75191494e-05 5.02435753e-05 5.09296304e-05
 4.36847476e-05 6.23757866e-05 5.87517099e-05 5.49412289e-05
 7.11843470e-05 5.59773142e-05 1.00147449e-03 4.47855020e-05
 3.52723704e-05 3.79478955e-05 5.42904509e-05 5.05558795e-05
 3.59776921e-05 7.43763119e-05 5.10028202e-05 4.71756219e-05
 6.41765597e-05 4.21521677e-05 5.37260419e-05 4.22299360e-05
 6.56164707e-05 5.80729214e-05 5.78015315e-05 5.26518843e-05
 3.43043273e-05 8.30253780e-05 5.80670970e-05 5.08838512e-05
 4.72211697e-05 4.33078195e-05 5.99229307e-05 5.09228583e-05
 6.48906094e-05 3.80226535e-05 4.73659062e-05 4.94444865e-05
 6.67029865e-05 5.99855731e-05 6.85017614e-04 5.71952856e-05
 4.64366355e-05 5.23729913e-05 5.15433470e-05 5.59018808e-05
 4.17138107e-05 6.63461924e-05 3.53461433e-05 5.88207612e-05
 4.24619347e-05 6.26503026e-05 3.91601807e-05 4.28305348e-05
 5.38265245e-05 4.54355288e-05 6.61647922e-05 5.41333890e-05
 7.19514087e-05 7.83857417e-04 3.79024805e-05 4.31112869e-05
 5.34610606e-05 7.70940927e-05 4.63245308e-05 3.85363873e-05
 6.04305805e-05 5.32565686e-05 4.80803702e-05 4.97385360e-05
 5.94716426e-05 4.98450534e-05 4.48289668e-05 5.99005674e-05
 6.57189544e-05 6.38711917e-05 6.06169207e-05 3.94851583e-05
 5.19858823e-05 3.97785819e-05 5.08767513e-05 6.44318923e-05
 4.67439359e-05 6.64155942e-05 3.50029046e-05 6.60502345e-05
 5.11730194e-05 3.62692933e-05 4.62234603e-05 5.67860119e-05
 3.91967225e-05 6.17120997e-05 4.78380874e-05 3.64521259e-05
 6.46948169e-04 4.35686829e-05 4.13649318e-05 5.10083705e-05
 3.99617874e-05 6.64820013e-05 3.38778355e-05 6.14566917e-05
 4.88971515e-05 4.86140107e-05 7.51356744e-05 4.64299405e-05
 6.75828979e-05 5.63029727e-05 2.80423949e-05 5.48389244e-05
 3.50152159e-05 4.84744170e-05 5.63396356e-05 6.25078540e-05
 6.77852404e-05 2.89829353e-05 3.94385601e-05 4.93536512e-05
 4.64628358e-05 7.63494601e-04 7.04623603e-05 3.47025723e-05
 4.62657898e-05 5.74581410e-05 4.43300894e-05 6.48735147e-05
 5.56004537e-05 4.44479717e-05 5.91800242e-05 7.01957915e-05
 4.35288763e-05 7.72873625e-05 3.52516572e-05 5.59908419e-05
 3.08023077e-05 9.26077456e-05 2.84139571e-05 5.60330968e-05
 3.49857153e-05 2.36555966e-05 6.70972525e-05 6.81653897e-05
 2.48727978e-05 7.10858965e-05 7.01816007e-05 5.45498191e-05
 4.42249281e-05 5.47968676e-05 4.34575376e-05 5.84669193e-05
 6.91992408e-05 3.95365424e-05 9.13879398e-04 4.20406041e-05
 5.83440443e-05 2.79913492e-05 4.04896030e-05 5.68324030e-05
 6.47812659e-05 8.22589105e-05 5.65089710e-05 5.30917922e-05
 5.40303455e-05 6.12558705e-05 7.30796057e-05 2.17028971e-05
 4.21498132e-05 6.44884672e-05 5.09837971e-05 6.68048945e-05
 4.08592242e-05 4.93080832e-05 8.48507943e-05 3.24597259e-05
 7.19125868e-04 5.11860615e-05 4.02303667e-05 4.34343187e-05
 5.45996585e-05 5.74061319e-05 6.70961649e-05 1.02894545e-03
 4.69650289e-05 5.39668889e-05 5.05099028e-05 7.62737867e-05
 5.65845714e-05 4.78367358e-05 9.78699937e-05 4.62967645e-05
 5.55891106e-05 5.33271778e-05 3.36508762e-05 5.72675282e-05
 5.14867005e-05 4.43411431e-05 6.19651262e-05 4.22713121e-05
 3.01551385e-05 8.98489080e-04 8.62111161e-05 6.40182580e-05
 6.36174013e-05 6.42298903e-05 3.95297945e-05 4.09443536e-05
 5.04205174e-05 4.67149928e-05 6.29816948e-05 2.54611250e-05
 3.54816495e-05 7.33018992e-05 6.16528434e-05 4.12280113e-05
 3.89507812e-05 5.89645326e-05 4.63026357e-05 3.84677825e-05
 4.74402930e-05 4.28817980e-05 5.63883422e-05 6.67686469e-05
 7.32367890e-05 4.94878638e-05 2.76986021e-05 7.13494947e-05
 5.97036680e-05 4.88159637e-05 6.02845383e-05 1.76996841e-05
 4.45652613e-05 7.27769376e-05 4.48455253e-05 2.81901960e-05
 5.30278202e-05 4.45262212e-05 5.21785756e-05 6.49317194e-05
 5.57182576e-05 6.13986968e-05 6.15815604e-05 5.36795766e-05
 4.09670313e-05 5.68762400e-05 7.61540923e-05 4.69719085e-05
 4.61275863e-05 5.37332548e-05 7.78810961e-05 5.68601347e-05
 4.65912364e-05 7.90136580e-05 5.79798346e-05 5.35013757e-05
 3.19179826e-05 3.45442017e-05 5.63831638e-05 5.93004125e-05
 2.76227409e-05 4.13601752e-05 3.83444189e-05 5.18397827e-05
 3.34999036e-05 4.19142018e-05 6.97293692e-05 4.50236527e-05
 8.19755558e-05 5.28613131e-05 5.07103466e-05 3.32053953e-05
 3.94379972e-05 4.29479940e-05 8.66304044e-05 3.18940174e-05
 9.10581050e-04 4.68651916e-05 3.16581551e-05 7.91219497e-05
 5.81790106e-05 4.89904952e-05 3.88702941e-05 5.54703524e-05
 4.41646711e-05 5.01409889e-05 3.91012355e-05 5.93375855e-05
 4.61081637e-05 5.25212086e-05 5.86901261e-05 3.45982406e-05
 5.12185160e-05 7.19187195e-05 5.64144300e-05 5.53700469e-05
 5.50763660e-05 4.43899023e-05 8.05767358e-04 5.56237873e-05
 6.47853862e-05 4.01998336e-05 4.64561516e-05 7.06631700e-05
 3.57205310e-05 5.79337838e-05 3.68337157e-05 6.79753264e-05
 3.12995133e-05 4.74902912e-05 6.61080141e-05 5.70732841e-05
 3.51285420e-05 6.51641969e-05 8.66959064e-05 4.95840670e-05
 4.69652410e-05 3.80806014e-05 5.07263653e-05 4.71084388e-05
 5.50223247e-05 5.70617160e-05 5.27573630e-05 7.20335253e-05
 5.72899954e-05 4.55613817e-05 5.04300319e-05 5.09846665e-05
 3.30835610e-05 5.16205754e-05 5.19728611e-05 4.76805212e-05
 4.59721171e-05 4.14296561e-05 8.47623194e-04 4.71489285e-05
 5.56649130e-05 7.12119333e-05 5.40581712e-05 4.79170063e-05
 6.98484632e-05 5.51018335e-05 3.66767936e-05 6.42517139e-05
 7.16172390e-05 4.57475437e-05 3.90388147e-05 7.22013944e-05
 5.83141969e-05 5.48869379e-05 5.46448050e-05 4.04200283e-05
 4.19612364e-05 8.55482995e-05 6.25482988e-05 8.69130540e-04
 5.06192495e-05 6.15119083e-05 3.37459357e-05 5.97562940e-05
 6.64210591e-05 4.96573156e-05 7.54091472e-05 5.72316114e-05
 4.52618871e-05 8.80608709e-05 5.73302773e-05 7.11816864e-05
 5.84595732e-05 5.70385542e-05 4.24101162e-05 5.60311173e-05
 2.52472192e-05 7.53164270e-05 3.47800541e-05 5.10822360e-05
 2.43791542e-05 3.83432951e-05 4.17590647e-05 1.14465284e-03
 6.58508299e-05 5.43961825e-05 5.77791921e-05 9.82390263e-04
 5.04396000e-05 4.35305350e-05 6.45109182e-05 3.01734784e-05
 7.30416978e-04 8.09399993e-04 5.17962286e-05 8.95247458e-04
 4.47705168e-05 5.43029951e-05 5.47488976e-05 4.49494938e-05
 7.04757226e-05 9.24253638e-04 7.52656610e-05 3.71661528e-05
 5.70130227e-05 4.42008947e-05 5.65900763e-05 3.50869961e-05
 6.25473057e-05 3.08585250e-05 3.92098717e-05 3.23728539e-05
 3.79859861e-05 3.76121116e-05 5.12584099e-05 4.17142005e-05
 6.10666268e-05 8.84438463e-05 4.67793073e-05 5.81028221e-05
 5.41674046e-05 6.16431272e-05 3.09652270e-05 7.17203605e-05
 5.52316956e-05 5.83956951e-05 4.00501860e-05 5.50791238e-05
 6.25832512e-05 6.54541862e-04 5.47416762e-05 6.09054657e-05
 5.65332163e-05 5.70279029e-05 2.88073782e-05 6.60210669e-05
 5.01544766e-05 5.28131561e-05 3.70078619e-05 9.14588499e-05
 5.55562736e-05 6.09842411e-05 4.20304156e-05 3.79240055e-05
 5.62667062e-05 4.94579567e-05 5.33102396e-05 8.30921459e-04
 5.54846821e-05 4.73533041e-05 4.65367321e-05 6.26231086e-05
 4.45926036e-05 5.65521340e-05 5.24163844e-05 8.34440188e-05
 6.84975996e-05 2.69552459e-05 6.31260526e-05 4.85920005e-05
 4.49980406e-05 5.62667863e-05 4.91371314e-05 5.39037765e-05
 5.27395384e-05 4.61578488e-05 6.54029607e-05 2.86809035e-05
 7.24897029e-05 6.01065860e-05 7.23602477e-04 6.59265485e-05
 3.68243132e-05 4.78292231e-05 4.76656723e-05 4.91872029e-05
 3.62869746e-05 4.34649381e-05 4.80587930e-05 8.57554079e-04
 3.03230820e-05 5.72409931e-05 4.91925976e-05 6.40847979e-05
 5.77558047e-05 6.29771826e-05 5.38670221e-05 3.25466240e-05
 5.51278261e-05 4.52116348e-05 7.63911871e-05 5.25293718e-05
 6.07308880e-05 6.53804305e-05 5.46848684e-05 6.61128921e-05
 4.39358385e-05 6.95870396e-05 6.86680059e-05 2.83145784e-05
 4.96186821e-05 3.75883467e-05 3.89391854e-05 4.01728876e-05
 8.83500580e-05 3.89359006e-05 7.14933239e-05 4.89344334e-05
 5.62494417e-05 6.02348357e-05 5.37475925e-05 8.76683617e-05
 5.21558106e-05 4.37820326e-05 6.19443727e-05 6.37800426e-05
 7.18893867e-05 5.20013041e-05 5.71354479e-05 5.02438194e-05
 8.15657635e-05 9.53448465e-05 6.37758553e-05 6.12662520e-05
 4.53133551e-05 8.23717133e-04 5.49234976e-05 3.37524253e-05
 3.64146933e-05 3.77817955e-05 5.29547137e-05 3.79106937e-05
 4.41433668e-05 5.31848989e-05 6.19587134e-05 6.33231292e-05
 6.83393445e-05 4.81480327e-05 3.17231588e-05 5.13006473e-05
 3.98363051e-05 5.00547380e-05 6.05379826e-05 5.64074443e-05
 6.44326272e-05 6.90568971e-05 5.75004925e-05 4.92093397e-05
 3.29734370e-05 3.27165537e-05 5.29929266e-05 6.91541553e-05
 6.37550531e-05 3.32846578e-05 8.54707576e-04 5.27062040e-05
 5.33498438e-05 5.22011012e-05 6.06340094e-05 4.23338652e-05
 4.08756747e-05 2.84803704e-05 6.71484767e-05 5.91299511e-05
 4.72547485e-05 4.95103749e-05 6.98224676e-05 4.74248855e-05
 7.80516441e-04 7.36449654e-05 5.32747490e-05 9.34927860e-04
 4.56249171e-05 5.88711693e-05 4.77279170e-05 4.10289159e-05
 7.04249389e-05 5.67531715e-05 7.19433241e-05 5.64912994e-05
 5.19507667e-05 6.92177639e-05 3.77589916e-05 4.52003659e-05
 6.79295445e-05 6.89370815e-05]