[6.37437273e-04 6.22408498e-04 6.31978915e-05 6.49647674e-05
 9.12965203e-05 7.06589381e-05 7.75785650e-05 9.91802765e-05
 7.24783154e-05 8.30989976e-05 7.55885611e-05 7.73984980e-05
 8.80855831e-05 9.53527031e-05 9.84818007e-05 6.91992055e-05
 7.86462579e-05 7.19866490e-05 8.61711963e-05 8.41445559e-04
 7.00952633e-05 8.16417645e-05 9.65406432e-05 5.56543514e-05
 6.30999717e-05 1.01533267e-04 7.69856883e-05 9.56039570e-05
 6.70811529e-05 9.03473249e-04 6.33401261e-05 7.06428251e-05
 7.41384579e-05 6.33122517e-05 6.63415279e-05 8.63353808e-05
 6.15438109e-05 7.53179460e-05 7.44879557e-05 7.06506900e-05
 5.31823843e-05 8.35440833e-05 9.55904824e-05 7.96637026e-05
 6.84893491e-05 8.68426482e-05 7.55865514e-05 8.02692275e-05
 8.59708767e-05 7.45654557e-05 9.43970875e-05 7.36172582e-05
 8.60916244e-05 8.95890741e-05 8.55296730e-05 8.19829147e-05
 6.43670435e-05 7.15404890e-05 6.44604444e-05 8.12299543e-04
 6.82436842e-05 7.74907335e-05 8.36666935e-05 6.32248075e-05
 7.71168022e-05 7.40010699e-05 8.32720315e-05 6.51921678e-05
 7.40703418e-05 7.71749053e-05 9.56161105e-05 7.47120620e-05
 6.50936251e-04 7.84690434e-05 6.83913859e-05 8.92395688e-05
 7.67582367e-05 6.83778144e-05 1.00082812e-04 6.79701552e-05
 9.44181250e-05 6.52051692e-05 9.47376494e-05 5.74453285e-05
 7.05012391e-05 8.44551677e-05 7.00971986e-05 9.68551130e-05
 7.96720109e-05 7.18521668e-05 7.70703725e-05 7.82296898e-05
 8.85209238e-05 7.48470487e-05 8.73652870e-05 8.58979325e-05
 6.59419983e-04 8.75641745e-05 1.05714480e-04 8.72396372e-05
 8.52641244e-05 9.19777721e-05 5.90478290e-05 7.52865962e-05
 9.32139578e-05 8.48910545e-05 5.77948639e-05 6.55805033e-05
 8.32694268e-05 9.16464890e-04 8.12236493e-05 7.56993491e-05
 9.39126219e-05 8.37102392e-05 7.94211370e-04 6.94556093e-05
 5.79277051e-05 9.94108410e-05 7.98990595e-05 7.37379027e-05
 8.57359969e-05 9.65076123e-05 6.06699480e-05 9.08121406e-05
 8.52786593e-05 8.21494282e-05 8.37970495e-05 6.71908582e-05
 6.39721217e-05 8.05909589e-05 7.33540045e-05 7.78039218e-05
 6.14729538e-05 6.89133378e-05 7.20638799e-05 9.29724262e-05
 6.43493282e-05 8.40105619e-05 8.49601635e-05 8.14016625e-05
 7.77139147e-05 7.56286230e-05 7.04057317e-04 6.36541154e-05
 7.19599860e-05 7.84366594e-05 6.22570558e-05 7.25264846e-05
 6.17646233e-05 8.68707415e-05 5.76834179e-05 8.16990545e-05
 5.36788101e-05 7.61438720e-04 7.67932990e-05 5.69308822e-05
 6.52445849e-04 1.01078134e-04 7.20232516e-05 8.37798333e-05
 8.33781650e-05 1.06121350e-04 7.29492489e-05 4.81713828e-05
 8.98565653e-05 6.83162000e-05 7.50847582e-05 7.21492223e-05
 8.08798275e-05 6.28244298e-05 8.78907017e-05 9.70468076e-05
 6.27281018e-04 8.38194981e-05 7.42013772e-05 7.47360890e-05
 7.13560740e-05 7.54742731e-05 9.19634109e-05 8.89098391e-05
 6.85412513e-05 7.99121511e-05 8.00381691e-05 9.33461974e-05
 6.02409639e-05 1.01646207e-04 6.14348378e-05 6.70587643e-05
 7.82712409e-05 6.63272421e-04 9.73610008e-05 9.00460607e-05
 7.22496591e-05 8.29155110e-05 7.65339707e-05 9.34445613e-05
 7.34821397e-04 1.08296212e-04 8.93952777e-05 7.76062230e-05
 7.23521505e-05 6.44515369e-05 8.14620590e-05 6.53803524e-04
 8.93545344e-05 7.27764968e-05 9.25201245e-05 8.53950232e-04
 5.76070618e-05 8.69169246e-05 9.65588097e-05 9.25389613e-05
 6.29765800e-05 6.28519954e-05 7.59210298e-05 8.05168406e-05
 8.28605069e-04 7.24060452e-05 5.15120890e-05 8.43961226e-04
 8.03926633e-05 8.77278956e-05 8.22296128e-05 8.51197122e-05
 9.20874378e-05 9.79685040e-05 9.18240683e-05 6.57916896e-05
 8.65335741e-05 8.68815940e-04 6.79111825e-05 7.45290149e-05
 8.82651706e-04 9.82370843e-05 6.49411526e-05 6.60267582e-05
 8.80189715e-05 6.48235627e-04 8.66525758e-05 5.92860396e-05
 6.14332796e-05 8.64555365e-05 8.84404193e-05 5.33560974e-05
 6.75677097e-05 7.81728084e-05 5.28960541e-05 9.04645034e-05
 7.16297233e-05 1.10056202e-04 5.68311059e-05 9.43400959e-05
 6.76029769e-05 6.99750770e-05 7.68061150e-05 1.02439861e-04
 7.11662190e-05 7.21652159e-05 8.49821024e-05 7.34968842e-04
 1.02608334e-04 7.23472261e-05 7.57115516e-05 8.52362672e-05
 5.95783566e-05 7.53095527e-05 7.43475317e-05 6.25135907e-05
 8.01409628e-05 8.42943614e-05 9.18764036e-05 9.42508480e-05
 6.83901914e-05 5.63610569e-05 7.74277789e-05 7.57679710e-05
 8.28063023e-05 7.63864323e-05 6.37315774e-05 6.88068216e-05
 9.63634117e-05 8.94623130e-05 6.83903919e-05 8.05024749e-05
 7.40816414e-05 7.76455627e-05 7.71868246e-05 7.62508350e-05
 7.37845804e-05 8.54378449e-05 8.01428169e-05 6.92167653e-05
 6.73799624e-05 7.30034633e-05 7.37719717e-04 9.25194594e-05
 8.54389251e-05 6.74787139e-05 6.50046739e-05 6.22279093e-05
 8.39306571e-05 9.18494988e-05 8.61272076e-05 6.94647666e-05
 7.53133659e-05 8.54028720e-05 6.30873492e-05 8.31799429e-05
 7.49902674e-05 8.64983897e-05 7.00227380e-05 6.21456395e-05
 6.84296484e-05 7.50615943e-05 8.97913306e-04 8.33640921e-05
 6.21426260e-05 6.45029905e-05 8.02316571e-05 7.18924426e-05
 9.27216076e-05 7.84298271e-05 7.51448958e-05 9.64329560e-05
 7.59664949e-05 8.25776296e-05 7.36873526e-05 7.46012743e-05
 6.86684840e-05 7.46715697e-05 7.72621325e-05 7.42186447e-05
 8.01364189e-05 7.65706278e-05 7.28317424e-05 7.00869835e-05
 6.81015440e-05 7.93641556e-05 7.83092906e-05 9.06870199e-05
 6.90735826e-05 7.50274917e-05 8.89966816e-05 9.34445362e-05
 9.14269818e-05 1.02907037e-04 5.07225543e-05 5.73385445e-05
 7.26630433e-05 7.28244723e-05 6.40017546e-05 7.90331272e-05
 9.76591149e-05 6.42040784e-05 8.94538453e-05 7.06060743e-05
 7.86825300e-05 7.24976411e-05 8.46885877e-05 7.75601048e-05
 7.42067686e-04 9.26210471e-05 7.20808094e-05 8.09717167e-05
 5.96412882e-05 9.90759335e-05 6.80205395e-05 6.57009633e-05
 6.32538590e-05 8.05142841e-05 7.41070402e-05 5.65397796e-05
 6.37595530e-05 8.34455041e-05 8.17720179e-05 8.42666948e-05
 9.11889499e-05 6.94553885e-05 7.71535193e-05 1.06195929e-04
 7.66216048e-05 8.16721108e-05 7.15530958e-05 7.11971520e-04
 5.61899439e-05 8.01692505e-04 7.63436287e-05 6.93834364e-05
 8.20973107e-05 9.39374242e-05 8.08893888e-05 7.49185359e-05
 8.73984658e-05 8.45398407e-05 8.39311364e-05 5.55594438e-05
 7.85597886e-05 6.64460455e-05 6.49592016e-05 6.64783211e-05
 8.39584254e-05 9.41418491e-05 9.41098970e-04 6.10222681e-05
 8.09429844e-05 8.01789275e-05 8.73902432e-05 7.79059949e-05
 8.57231839e-05 6.67575715e-05 9.89440520e-05 9.65399900e-05
 7.91172408e-05 8.38806982e-05 8.39988882e-05 6.40074459e-05
 9.11372470e-05 1.05806539e-04 1.04548020e-04 8.88696327e-05
 8.70265480e-05 8.40675224e-05 9.76660969e-05 7.71486130e-05
 1.07434792e-04 8.92695392e-05 9.65970607e-05 7.32810928e-05
 8.18569291e-05 8.63345406e-05 5.56704476e-05 7.41200393e-05
 8.68277670e-05 9.43513768e-05 6.69969787e-05 6.55922658e-05
 8.53093093e-05 6.45264282e-05 6.63125520e-05 8.59689439e-05
 8.64335321e-05 8.77224103e-05 6.60575474e-05 6.45154392e-04
 8.40153686e-05 7.90339867e-05 1.04212136e-04 7.48055798e-05
 8.76941852e-05 6.64120162e-05 7.38848250e-05 8.36045725e-05
 1.02387116e-04 9.01236311e-05 7.90911814e-05 7.67818623e-05
 7.64723221e-05 6.70827197e-05 8.23676708e-05 7.03453480e-05
 8.05381850e-05 3.92856609e-05 7.65745328e-05 8.00627025e-05
 6.51752832e-04 7.56795502e-05 8.04422605e-05 6.78148893e-05
 9.68840342e-04 7.87186020e-05 8.05494683e-05 6.30590455e-05
 8.16595472e-05 5.64636394e-05 8.01070882e-05 7.19646394e-05
 6.95784117e-05 9.39631809e-05 7.27930235e-05 7.82797021e-05
 8.40990898e-05 9.05714645e-05 8.48722494e-05 1.20988415e-04
 6.93195436e-05 7.27161895e-05 8.93668185e-05 7.65416752e-05
 6.49869966e-05 6.61442153e-05 7.88927913e-05 8.25446029e-05
 7.79675010e-05 6.57276701e-05 6.44982050e-05 8.50928233e-05
 8.28496735e-05 9.35974466e-05 7.91531316e-05 6.27312734e-05
 8.81425584e-05 6.59103952e-05 6.42303987e-05 6.62243295e-05
 7.22461220e-05 7.14250598e-05 5.29731481e-05 1.09138214e-04
 9.06804466e-05 7.01562532e-05 7.31111651e-05 7.53861821e-05
 8.76114455e-05 7.63775589e-05 7.10246658e-05 6.48392102e-05
 6.92006642e-05 7.84189804e-05 7.96215678e-05 6.73833587e-04
 8.06741701e-05 6.09354791e-05 6.52745566e-05 7.55632327e-05
 7.00138464e-05 9.51655454e-05 8.96749735e-05 8.81562431e-05
 8.33927885e-05 1.01374041e-04 7.23608812e-05 7.32072833e-05
 8.04830877e-05 9.14325722e-05 7.81174389e-05 7.78392851e-05
 7.61248908e-05 7.65452013e-05 6.70328258e-05 6.30126869e-05
 8.60310207e-05 7.90176728e-05 6.98267734e-05 8.90478014e-05
 6.96403076e-05 9.10530789e-05 8.41315783e-05 7.31865565e-05
 9.10650910e-04 6.23082241e-05 6.76401701e-05 7.03003515e-05
 8.53454171e-04 8.86757494e-05 9.75714160e-05 7.78643820e-05
 7.62331540e-05 7.46181701e-05 8.91127229e-05 8.12296312e-05
 8.05561102e-05 8.54303601e-05 8.07908764e-05 7.00662811e-05
 6.55216549e-05 8.01625826e-05 7.27898817e-05 1.00318196e-04
 7.73367841e-05 7.35048424e-05 6.69201070e-04 7.40787429e-05
 8.20807998e-04 7.96115855e-05 9.40069652e-05 8.78982205e-05
 9.10792018e-05 8.88841328e-05 7.48724180e-05 8.49559168e-05
 7.32769244e-05 7.12087484e-05 1.08464684e-04 7.27456356e-05
 8.55056896e-05 8.80194064e-05 7.49138438e-05 1.09181919e-04
 7.57341243e-05 7.55687338e-05 9.68813505e-04 8.44197455e-05
 9.63663986e-05 8.86136894e-05 7.56428716e-05 6.56281215e-05
 6.91446728e-05 7.60495957e-05 6.21018743e-05 7.78911468e-05
 8.65449397e-05 6.18142914e-05 6.78407962e-05 7.96415876e-05
 6.58547186e-05 9.40167811e-05 7.62831488e-04 7.59857995e-05
 1.04071701e-04 8.71460268e-05 7.51983102e-05 6.78560172e-05
 6.34445628e-05 9.74279218e-05 8.02437886e-05 8.13453442e-04
 1.08295921e-04 7.55921642e-05 1.00403240e-04 7.32816045e-05
 7.77593229e-05 9.45715383e-05 8.83737611e-05 4.84928322e-05
 9.13223241e-05 6.04601874e-05 9.85876128e-04 6.82553735e-04
 8.47281188e-05 8.75726286e-05 9.80121055e-05 6.68885191e-05
 9.31756125e-05 9.20440146e-05 9.43428149e-05 6.74090922e-05
 5.62865667e-05 6.90124476e-05 8.70416207e-05 7.20216112e-05
 7.54233562e-05 6.12997248e-05 9.13596520e-04 8.40026197e-04
 8.30603850e-05 7.61235626e-05 9.21854966e-05 6.16892117e-05
 7.43033596e-05 6.67527920e-05 8.10574976e-05 9.04711037e-05
 8.71138473e-05 9.80946280e-05 5.80185351e-05 9.27623004e-05
 6.09819981e-04 8.72278105e-05 7.65744791e-05 5.80098386e-05
 7.62897196e-05 7.62989573e-04 6.78391753e-05 6.24236486e-05
 6.77795392e-05 8.38055657e-05 1.01510251e-04 5.66178992e-05
 6.92907263e-05 8.53463078e-05 8.79971340e-04 8.33026665e-05
 7.57425639e-05 7.96739715e-04 6.57075590e-05 9.71940084e-05
 6.83898567e-05 7.77242187e-05 8.73200656e-05 8.66338685e-04
 6.97143450e-05 7.21377750e-05 8.11182661e-05 6.52758071e-05
 8.10376001e-05 1.07225756e-04 7.63175096e-04 9.42749930e-05
 7.87802764e-05 8.43922688e-05 6.79527017e-05 1.07916024e-04
 7.02562469e-05 7.55210551e-05 9.26964165e-05 7.15028100e-05
 7.33547623e-05 7.24591321e-05 7.37064116e-05 6.18428217e-05
 7.69925122e-05 6.76773987e-05 9.12669501e-05 6.32738684e-05
 7.61989677e-05 7.21311459e-05 7.47704976e-05 9.65174116e-05
 7.37085883e-05 9.50398769e-05 8.10667558e-05 8.22919744e-05
 6.38186689e-05 6.99804825e-05 7.13174161e-05 1.25464724e-04
 8.03733649e-05 7.57430208e-05 6.21972614e-05 8.15016186e-04
 8.16471410e-05 6.86554005e-05 6.03290809e-05 8.31530961e-05
 9.73996540e-04 6.25229748e-05 7.45369113e-05 6.86881291e-05
 7.15244290e-05 8.87026356e-05 9.91208560e-05 8.03977573e-05
 7.98394936e-05 8.34093528e-05 8.37590921e-05 9.29154840e-05
 7.72740089e-05 8.03191194e-05 8.99517957e-05 8.29560104e-05
 9.14795958e-05 7.84328710e-05 8.09096764e-05 6.89622938e-04
 7.45734484e-04 8.92116375e-05 7.50928473e-05 7.94496594e-05
 8.56997253e-05 8.69438928e-05 7.11549080e-05 9.68717341e-05
 6.97657265e-05 8.61892095e-04 7.90553766e-05 7.93808569e-05
 9.06738147e-05 8.89843641e-05 9.12822304e-05 7.63820091e-05
 6.70233841e-05 8.27672860e-05 6.17060664e-05 9.18932269e-05
 8.27281982e-05 9.45970009e-05 7.08375681e-05 5.71429775e-05
 8.47559099e-05 8.50480717e-05 6.87243799e-05 8.03375296e-05
 9.00669572e-05 7.65874273e-05 8.15699250e-05 7.89477178e-05
 9.44865933e-05 7.46155954e-04 9.82765437e-05 8.45724585e-05
 6.77601329e-04 9.63337530e-05 6.65250605e-05 6.84341370e-05
 6.98349318e-05 6.93254788e-05 7.97841965e-05 8.89823596e-05
 6.81981835e-05 7.66768444e-05 7.38141040e-05 6.94279346e-05
 6.32900484e-05 7.27766928e-05 8.59057180e-05 6.92655268e-05
 7.78188370e-05 6.91103231e-05 7.98461115e-05 6.74325139e-05
 7.78210663e-05 5.17286928e-05 9.27969445e-05 6.92832520e-05
 7.25801279e-05 7.67767038e-05 6.84369599e-05 6.24390993e-05
 7.88453571e-05 5.93077085e-05 6.29301838e-05 7.97120326e-05
 6.86820551e-05 8.22916393e-05 6.96719801e-05 7.41263841e-05
 8.01517515e-05 5.95074067e-04 6.68923603e-05 7.81891062e-05
 7.95240067e-05 7.04056959e-05 7.71394333e-05 7.88346295e-05
 5.52483263e-05 8.28048346e-05 7.22636971e-05 6.32408036e-05]