[8.42597510e-05 8.94277632e-05 8.76969916e-05 1.00052853e-04
 8.79922392e-05 8.68160699e-05 6.53794477e-05 7.11837286e-05
 9.83475661e-05 7.38456574e-05 8.14526232e-05 9.75958886e-05
 9.87522188e-05 7.69979924e-05 7.20185760e-05 8.38040506e-05
 1.03274945e-04 8.56245240e-05 9.57768855e-05 7.53234651e-05
 1.00672655e-04 8.85810894e-05 1.26964388e-04 9.02816865e-05
 1.06760106e-04 7.65318843e-05 8.39450820e-05 8.57886307e-05
 8.07528928e-05 9.89588856e-05 7.56188788e-05 9.56468302e-05
 1.10049365e-04 1.22424271e-04 8.97412438e-05 1.03920752e-04
 1.09206606e-04 9.09285910e-05 8.44240764e-05 1.01020592e-04
 5.75460461e-05 1.00063798e-04 9.62733785e-05 8.13459588e-05
 8.46959081e-05 8.09231565e-05 7.85389217e-05 8.45765812e-05
 1.05743147e-04 5.39509579e-04 1.02419190e-04 1.08757986e-04
 9.61422437e-05 7.03601008e-05 8.31856351e-05 1.08331483e-04
 1.20401045e-04 9.93191545e-05 8.42823781e-05 8.58000006e-05
 6.41767942e-04 7.43466612e-05 8.60652293e-05 8.46148323e-05
 8.52235574e-05 8.14688348e-05 8.01602097e-05 9.53196097e-05
 8.78039802e-05 9.45065744e-05 8.68600513e-05 9.39235465e-05
 8.17253796e-05 7.74147693e-05 9.20425276e-05 9.77703939e-05
 9.88682881e-05 8.91338950e-05 9.90415762e-05 8.44807513e-05
 9.34829202e-05 8.30559292e-05 7.90989581e-05 9.54574037e-05
 1.05364006e-04 7.20005106e-05 1.04723842e-04 8.67284358e-05
 9.51724615e-05 9.75769835e-05 1.07670092e-04 7.73615964e-05
 7.14231138e-05 7.99493814e-05 7.13584857e-04 9.02265164e-05
 7.11714126e-05 9.49407842e-05 7.67087456e-05 4.15542837e-04
 9.99206174e-05 9.30904037e-05 7.91126846e-05 7.46218928e-05
 9.54186193e-05 1.03390731e-04 8.42503957e-05 7.69187960e-05
 8.32387851e-05 1.06104041e-04 5.32367105e-04 9.26782241e-05
 8.80659939e-05 9.10112542e-05 6.52728394e-04 1.09243233e-04
 8.96989603e-05 8.84494308e-05 9.70115471e-05 7.20850451e-04
 8.45091073e-05 1.11276641e-04 8.58123742e-05 1.02867547e-04
 8.79821122e-05 1.09701805e-04 9.15849131e-05 6.99340832e-05
 1.04098125e-04 6.54242915e-05 6.73643703e-05 9.90169878e-05
 7.97260636e-05 7.23634842e-05 8.26212693e-05 8.67278058e-05
 8.02054156e-05 9.41996338e-05 9.92093409e-05 9.48667473e-05
 6.59065110e-05 8.99186696e-05 1.08370616e-04 1.08608300e-04
 9.35394519e-05 7.23954535e-05 6.64637991e-05 7.71235711e-05
 7.07091175e-05 6.83080201e-04 7.66075181e-05 9.05396006e-05
 7.73104902e-05 8.50679893e-05 1.07085928e-04 8.95964098e-05
 7.72015663e-05 1.18024080e-04 1.00264533e-04 8.09705050e-05
 7.65758635e-05 8.49998896e-05 1.15482443e-04 1.02386106e-04
 7.75726902e-05 1.09299553e-04 7.54775410e-05 5.77236913e-05
 1.04892307e-04 9.08143790e-05 7.92946254e-05 6.86997939e-05
 9.16167005e-05 9.56300231e-05 8.81313781e-05 7.27819450e-05
 1.05919496e-04 9.41153045e-05 1.01972354e-04 7.80110415e-05
 9.39029343e-05 8.31731401e-05 7.20223531e-05 1.17486535e-04
 8.42305048e-05 8.49757059e-05 9.40147794e-05 1.02604298e-04
 7.11416342e-05 8.71989731e-05 5.28537570e-04 5.05190280e-04
 8.65563630e-05 8.44914965e-05 6.03068710e-05 1.12173687e-04
 1.00321239e-04 6.45996606e-05 9.80991726e-05 1.03035000e-04
 1.13847426e-04 5.42234731e-04 9.31335277e-05 7.50390608e-05
 8.43258055e-05 8.23218418e-05 9.15080482e-05 8.74221313e-05
 8.02867374e-05 1.06334883e-04 8.37313345e-05 1.02509522e-04
 9.33511358e-05 1.09234164e-04 6.08766732e-05 1.14693154e-04
 7.59173461e-05 9.80957700e-05 8.25081473e-05 9.14615558e-05
 1.06423069e-04 9.85627190e-05 1.00412235e-04 8.80417055e-05
 9.06730946e-05 6.96777735e-05 5.09614205e-04 7.64906548e-05
 9.18346251e-05 6.68750518e-05 1.06316906e-04 9.78363267e-05
 1.02526367e-04 9.00769353e-05 8.29262986e-05 9.71555254e-05
 8.58727964e-05 1.09629686e-04 6.84358244e-05 9.77504644e-05
 8.63082287e-05 8.06375042e-05 9.57904396e-05 6.41529878e-05
 9.42461555e-05 9.17344474e-05 5.23735538e-04 8.06625032e-05
 1.22749606e-04 6.30867611e-05 8.00355672e-05 9.69422458e-05
 9.55763941e-05 6.38051489e-05 9.32954609e-05 8.46194081e-05
 1.06152128e-04 7.73631361e-05 7.59717559e-05 1.06940571e-04
 9.26139180e-05 9.92659665e-05 7.09336457e-05 7.14064499e-05
 7.76330924e-05 9.40513681e-05 8.73673635e-05 8.55409692e-05
 9.56553827e-05 8.20466501e-05 7.91185624e-05 5.68769583e-04
 9.59231777e-05 1.13824377e-04 1.11752791e-04 8.85161037e-05
 5.61190547e-04 1.06583945e-04 9.90607662e-05 9.89887442e-05
 7.97859165e-05 8.25815661e-05 9.35685010e-05 9.40130543e-05
 9.34854566e-05 6.78898431e-05 9.13241232e-05 8.29356940e-05
 8.33517698e-05 8.98864659e-05 8.84334059e-05 1.13446800e-04
 7.24318593e-05 8.53450077e-05 9.42799545e-05 6.79840925e-04
 7.35328713e-05 7.71962340e-05 1.00843726e-04 7.75379507e-05
 8.12818546e-05 7.60523577e-05 1.03327893e-04 1.02093531e-04
 5.44915304e-04 8.93383059e-05 9.42659932e-05 7.69378809e-05
 7.85128342e-05 9.62530477e-05 1.06413317e-04 1.07507375e-04
 1.02779006e-04 7.63164086e-05 9.09894261e-05 6.18611365e-04
 1.01426939e-04 1.01412027e-04 9.11702634e-05 1.01454824e-04
 1.00329226e-04 9.16553951e-05 7.03219915e-05 9.67456828e-05
 7.22338333e-05 7.50308401e-05 9.57087572e-05 7.44460582e-05
 9.93735827e-05 1.07505586e-04 8.85478193e-05 7.27342961e-05
 1.02613807e-04 6.87738184e-05 1.02543812e-04 8.93077678e-05
 6.49137178e-04 9.26534868e-05 6.59024207e-05 8.38237859e-05
 8.81960763e-05 1.03815560e-04 6.58858308e-05 5.62733849e-04
 6.88185517e-05 7.09542624e-05 8.91219329e-05 7.20995019e-05
 7.09146103e-05 9.36637226e-05 8.74439510e-05 9.81163330e-05
 1.09576882e-04 8.02699795e-05 7.90161365e-05 1.08173116e-04
 9.40599159e-05 8.38662969e-05 1.01834786e-04 1.16558690e-04
 8.75941390e-05 9.48139206e-05 8.88255439e-05 5.10605144e-04
 8.42152478e-05 1.03450487e-04 7.80777121e-04 7.96289989e-05
 8.39363511e-05 8.99661465e-05 1.07938688e-04 1.23715740e-04
 1.04645691e-04 8.60414093e-05 1.15995212e-04 8.28389586e-05
 8.97968947e-05 9.51682018e-05 8.97153826e-05 9.49532347e-05
 8.99578266e-05 9.32846943e-05 1.17130238e-04 8.52272954e-05
 7.31644751e-05 6.90663909e-05 7.85180911e-05 7.55316947e-05
 8.24414422e-05 8.05561752e-04 6.86245043e-05 7.35255961e-05
 7.96264653e-05 9.27518798e-05 9.69274726e-05 7.57676133e-05
 6.79245124e-04 1.01025243e-04 7.48232605e-05 1.00605056e-04
 9.50706589e-05 5.47915937e-04 8.61994898e-05 9.21428623e-05
 9.80143185e-05 9.11037000e-05 8.43995622e-05 1.05406705e-04
 1.14391006e-04 7.57801434e-05 7.20863018e-05 5.14766802e-05
 6.93381253e-05 9.29565991e-05 1.05718797e-04 8.53263821e-05
 8.50208772e-05 8.90493538e-05 8.01330662e-05 8.43638260e-05
 8.24388893e-05 8.06490269e-05 9.91729251e-05 7.16859931e-05
 7.68855728e-05 8.82529552e-05 1.15795438e-04 7.36165399e-05
 7.81123726e-05 7.39601670e-05 8.43100655e-05 8.85898056e-05
 1.01292571e-04 1.14798815e-04 8.63037530e-05 7.51280133e-05
 9.33734401e-05 1.12608959e-04 8.41276069e-05 9.41112086e-05
 9.51206928e-05 1.03261190e-04 8.99125314e-05 8.68507800e-05
 9.98495220e-05 7.34350984e-05 7.08317773e-05 5.50308868e-05
 1.15293625e-04 1.04023879e-04 8.44112083e-05 8.69494688e-05
 1.07633341e-04 9.64190505e-05 1.08620339e-04 8.92702222e-05
 8.96392564e-05 7.82842649e-05 9.23183044e-05 9.28063431e-05
 1.11516110e-04 8.80733574e-05 7.93105788e-05 8.06749773e-05
 9.32893796e-05 1.11366857e-04 8.52411883e-05 7.79303777e-05
 8.74969092e-05 7.32292201e-05 7.05871385e-05 9.11331462e-05
 8.87854177e-05 9.27098551e-05 9.22712124e-05 1.16414577e-04
 8.63687544e-05 1.11212131e-04 7.25265543e-05 1.14535262e-04
 9.38400020e-05 7.90266184e-05 9.63822603e-05 6.32241533e-05
 9.41230562e-05 8.84557871e-05 9.30292027e-05 1.11293857e-04
 1.00496617e-04 8.80427585e-05 1.00395489e-04 7.44616285e-05
 9.87625431e-05 9.87113278e-05 7.79342386e-05 1.00710032e-04
 9.29691915e-05 8.20785280e-05 8.34447848e-05 5.06348330e-04
 8.60628197e-05 7.92351453e-05 8.52565046e-05 8.55629889e-05
 5.14572556e-04 1.00697317e-04 1.05444077e-04 1.11086336e-04
 8.66824644e-05 1.00579764e-04 7.44050126e-05 7.36275879e-05
 8.21331669e-05 8.73240868e-05 1.05184442e-04 9.07202076e-05
 4.95149455e-04 9.41054593e-05 8.63631252e-05 1.03426842e-04
 1.07878799e-04 1.08451586e-04 7.64688303e-05 7.75484754e-05
 8.12817335e-05 8.93120635e-05 1.26901883e-04 9.53050503e-05
 9.98775591e-05 8.29263404e-05 1.02322299e-04 8.84677805e-05
 8.63356423e-05 8.18055685e-05 8.89831782e-05 1.01534972e-04
 8.51861522e-05 8.53303148e-05 6.04848533e-05 1.05575271e-04
 8.30155994e-05 8.94442781e-05 8.75058281e-05 9.61088513e-05
 9.69950217e-05 6.32727219e-04 9.71899101e-05 1.03838239e-04
 9.85107628e-05 4.36457474e-04 7.69708732e-05 7.81979526e-05
 8.41931451e-05 1.00151224e-04 6.66284063e-05 8.32811569e-05
 9.02775705e-05 7.42711631e-05 9.97798196e-05 7.77850021e-05
 8.22728726e-05 1.07777340e-04 9.65624061e-05 8.71100608e-05
 1.23162938e-04 8.76450775e-05 1.04111590e-04 1.10621215e-04
 9.52825815e-05 8.70534658e-05 8.68886979e-05 7.51783248e-05
 9.81139552e-05 7.47554746e-04 8.45747017e-05 7.82612576e-05
 6.03827235e-04 8.91419677e-05 8.96703710e-05 8.55149510e-05
 8.32004288e-05 8.80347402e-05 1.07042122e-04 8.10897579e-05
 1.06664815e-04 9.11875770e-05 8.31965440e-05 8.20412721e-05
 8.78162507e-05 1.08980205e-04 8.57745017e-05 8.43770505e-05
 1.04738796e-04 1.16042053e-04 7.58177720e-05 1.17617894e-04
 1.31865040e-04 6.73483866e-05 9.36029010e-05 5.16168042e-04
 8.04781963e-05 5.73511337e-04 8.81333091e-05 6.86006841e-05
 7.32744478e-04 8.44437349e-05 8.35483494e-05 6.33323354e-05
 8.05850904e-05 8.97783573e-05 1.12293253e-04 8.71285234e-05
 8.85389464e-05 1.25097595e-04 9.03602253e-05 1.05551091e-04
 8.66385729e-05 8.35828389e-05 7.72423172e-05 9.71974284e-05
 5.60304800e-04 8.61369566e-05 8.50801766e-05 1.02560402e-04
 8.55754777e-05 7.29989215e-05 1.09972827e-04 4.40370522e-04
 9.22551796e-05 5.73345382e-04 7.95794184e-05 9.87379446e-05
 7.14068821e-05 8.37501033e-05 1.06006044e-04 8.85099615e-05
 9.80116878e-05 8.09045148e-05 8.44932548e-05 8.07803213e-05
 1.12640250e-04 8.93512871e-05 1.01247631e-04 8.94918926e-05
 8.95713427e-05 9.11160154e-05 7.83086774e-05 9.18979451e-05
 8.75755445e-05 6.42841747e-05 8.48767637e-05 8.79414076e-05
 1.02654281e-04 7.45954078e-05 1.09481132e-04 7.94368775e-05
 7.79041609e-05 9.22368043e-05 8.98664236e-05 7.38822934e-05
 1.06478266e-04 9.51596445e-05 5.74645811e-05 5.67093158e-05
 8.57722856e-05 9.53975386e-05 5.74705531e-04 1.06464734e-04
 6.68117857e-05 9.92104547e-05 6.83787649e-05 9.28051980e-05
 9.45642913e-05 9.04069002e-05 7.92219591e-05 6.94802981e-04
 1.04052390e-04 1.06365919e-04 8.27731231e-05 9.30560389e-05
 8.77061346e-05 7.78333816e-05 7.99834000e-05 9.86092427e-05
 9.00055901e-05 9.22254263e-05 1.06997424e-04 1.08354211e-04
 8.34606790e-05 9.74828146e-05 9.49857007e-05 7.55445573e-04
 8.96351373e-05 9.64245484e-05 8.53227218e-05 8.53000659e-05
 1.02066390e-04 5.36823952e-04 7.76677110e-05 9.12505935e-05
 1.02428636e-04 1.14136770e-04 8.62805603e-05 8.04755835e-05
 7.11742764e-05 1.06105222e-04 9.52999892e-05 7.84278450e-05
 1.06590929e-04 1.06920982e-04 8.97340052e-05 9.35245025e-05
 8.65425489e-05 8.74194851e-05 7.02538376e-05 9.17516289e-05
 9.96638648e-05 9.49154853e-05 9.49097680e-05 8.78862964e-05
 8.58770749e-05 7.58694335e-05 8.95018054e-05 7.83329038e-05
 1.16469553e-04 8.60579248e-05 7.99789407e-05 1.04669529e-04
 7.84727097e-05 1.07073644e-04 1.03627929e-04 8.40971139e-05
 1.05106046e-04 8.06897353e-05 7.63078298e-05 6.93219264e-05
 9.03733185e-05 1.06966606e-04 9.85634299e-05 1.16863181e-04
 9.24658861e-05 9.11228815e-05 8.16788406e-05 6.30915805e-05
 5.11438890e-04 1.02638994e-04 6.53044861e-04 9.23134714e-05
 9.91247937e-05 1.10519269e-04 7.87869650e-05 8.52862766e-05
 1.10202557e-04 9.01488439e-05 9.72372713e-05 1.00367942e-04
 8.77710025e-05 9.51316219e-05 1.22423927e-04 9.47501809e-05
 9.31345931e-05 7.78032956e-05 7.93438804e-05 8.48940467e-05
 9.42428130e-05 7.68439046e-05 8.24649065e-05 5.94057925e-04
 1.11891313e-04 5.56178033e-04 9.51733461e-05 1.08314514e-04
 7.57143309e-05 7.72251796e-05 1.03339845e-04 1.08990951e-04
 8.47286925e-05 7.81460736e-05 7.64154900e-05 9.66526178e-05
 7.54133271e-05 1.16689365e-04 1.24485618e-04 8.25397626e-05
 5.89680816e-05 1.00883063e-04 1.01011332e-04 1.01180491e-04
 7.09869656e-05 7.40768586e-04 1.01572566e-04 8.65939882e-05
 1.00209063e-04 8.13915516e-05 8.99733560e-05 1.00678760e-04
 7.69563890e-05 8.14957867e-05 7.87300958e-05 9.25439280e-05
 7.66685283e-05 6.29865553e-05 1.09731711e-04 8.00623998e-05
 1.04150749e-04 8.89472942e-05 8.14630868e-05 8.21326021e-05
 6.50386404e-04 7.75931122e-05 6.39859745e-04 8.71789619e-05
 8.21551906e-05 5.71609162e-04 8.03045657e-05 1.05441613e-04
 8.99686283e-05 1.06086968e-04 8.00098537e-05 9.89696946e-05
 5.76818004e-04 8.99332592e-05 7.94641660e-05 7.78238257e-05
 6.80599576e-05 9.01621440e-05 7.22647142e-05 1.04097232e-04
 6.67823721e-04 9.32378882e-05]