[5.51154122e-04 5.50659548e-05 5.94516106e-05 7.39620882e-05
 6.12780990e-05 6.57093005e-05 6.75252626e-05 5.02278899e-05
 6.56166295e-05 6.84816350e-05 6.65565193e-05 3.42726216e-05
 7.90098769e-05 7.74158415e-05 8.45774696e-05 8.20918519e-05
 5.37419390e-05 7.49380391e-04 4.46564137e-05 7.68238352e-05
 5.79187575e-05 8.21754634e-05 6.21832213e-05 6.15738236e-05
 9.18329552e-05 5.91197285e-05 6.21061635e-05 6.45546543e-05
 4.84256645e-04 3.70053610e-05 3.70091332e-05 5.45020081e-05
 5.50209628e-05 5.60853557e-05 4.88025095e-05 4.61546217e-05
 6.22665287e-05 7.40316402e-04 4.05005646e-05 7.59900997e-05
 6.35279743e-05 4.14670872e-05 6.35461969e-04 1.16283177e-04
 5.58035630e-05 5.53090650e-05 7.27178784e-05 6.01245012e-05
 5.12980898e-05 6.39694124e-05 4.68735906e-05 5.10485657e-05
 7.04691872e-05 8.49147154e-05 5.57122683e-05 5.55106783e-05
 6.15110010e-05 4.90411701e-05 5.81806376e-05 1.74214949e-05
 5.16410349e-05 7.42193468e-05 5.23959366e-05 7.80551431e-05
 6.26397154e-05 4.60208535e-05 5.17426672e-05 6.85967797e-05
 4.43045485e-05 5.73483779e-05 7.87763092e-05 8.02570293e-05
 4.01473078e-05 6.55805646e-04 5.88562184e-05 3.02470045e-05
 3.95529851e-05 5.97781181e-04 6.61801013e-04 5.24172894e-05
 2.99302260e-05 4.63045460e-05 5.60035729e-05 6.77902583e-05
 9.00390802e-05 6.52917463e-05 6.67533561e-05 5.22132778e-05
 8.13317929e-05 4.11910741e-05 8.26823834e-05 6.57925158e-05
 8.92660275e-05 3.51157078e-05 5.11165995e-05 6.53654537e-05
 7.81189139e-05 8.14454865e-05 5.20360423e-05 3.38184431e-05
 8.17718214e-05 5.24674819e-04 4.73669792e-05 5.88320322e-05
 5.24032000e-05 4.55936898e-05 8.57479791e-05 6.26572418e-05
 7.44739576e-05 5.77961677e-05 7.11430917e-05 3.84852333e-05
 7.28246488e-04 7.14370975e-04 7.29562335e-05 5.48324846e-05
 3.33813621e-05 6.47502047e-04 6.34694444e-05 4.89482967e-05
 4.04505951e-05 4.79542324e-05 5.97631505e-05 5.97513809e-05
 4.70902153e-05 6.81050067e-05 4.12397005e-05 5.32241967e-05
 4.11989775e-05 9.62032022e-05 6.53692660e-05 5.57900943e-05
 4.42730514e-05 5.38457142e-05 5.35453460e-05 4.39011331e-05
 3.94977134e-05 5.52431162e-05 7.45935064e-04 5.35157341e-05
 5.29689545e-05 4.43930216e-05 6.29138502e-05 3.62842224e-05
 6.72298391e-05 4.84903525e-05 4.27973235e-05 6.92813022e-05
 6.53225047e-05 6.23832774e-04 5.67325171e-05 1.13131005e-04
 8.02485069e-05 4.39380518e-05 5.62756464e-05 1.05798782e-04
 8.14818470e-05 3.93393531e-05 3.59574418e-05 6.92821693e-05
 5.95179503e-05 4.47347379e-05 3.66905782e-05 6.29401216e-05
 7.16104821e-05 9.13874104e-05 5.70426650e-05 5.98948596e-04
 1.11877813e-04 3.56430743e-05 7.12590297e-05 4.68365517e-05
 6.58515953e-05 7.69345891e-05 4.12286272e-05 2.96774046e-05
 9.05719819e-05 5.97590451e-05 7.38424248e-05 3.81146321e-05
 6.29484795e-05 7.02907197e-05 3.41425899e-05 8.12060227e-05
 4.57339804e-05 3.10851881e-05 8.20048570e-05 9.07505453e-04
 4.91476039e-05 5.26944670e-05 4.37652149e-05 6.72034797e-05
 7.84460880e-05 5.24590033e-05 4.90397893e-05 7.35101599e-05
 6.24573636e-05 5.54722649e-05 6.94904365e-05 4.37374102e-05
 3.97002687e-05 7.88285908e-05 8.94619616e-05 6.04486630e-04
 5.87262521e-04 6.90758251e-05 8.45649751e-05 7.25813667e-05
 4.93354611e-05 4.35825029e-05 7.91080658e-05 5.36433789e-05
 7.62457521e-05 5.76499691e-05 3.92488386e-05 5.88644450e-05
 6.54734777e-05 6.84588925e-05 7.80241420e-05 7.30649953e-04
 4.68093413e-05 5.40555770e-05 6.26750031e-05 6.25230845e-05
 9.17847694e-05 6.87206709e-05 6.63478208e-05 4.66509087e-05
 5.40757877e-04 6.43134797e-05 4.48723153e-05 4.79423123e-05
 3.89544364e-05 6.64345779e-05 6.12690836e-05 8.09822686e-05
 4.57493709e-05 5.34579696e-05 6.84929399e-05 7.12971304e-05
 7.27950918e-05 6.18188054e-05 4.57155790e-05 4.73271997e-05
 5.48301127e-05 6.31577356e-05 5.38108131e-05 9.31710544e-04
 5.46630142e-05 5.39316904e-05 4.27090479e-05 3.27051306e-05
 7.14213857e-05 4.62990238e-05 6.09190974e-05 6.55003720e-05
 7.05651278e-05 7.01277117e-05 4.23014597e-05 7.78288787e-05
 4.99569294e-05 8.15882561e-05 8.45757788e-05 6.73659669e-05
 1.19009708e-04 5.24367097e-05 6.61741657e-04 4.83783233e-05
 9.40123985e-05 1.03291462e-04 6.25586335e-05 6.96867032e-05
 7.64047812e-05 5.48517526e-05 6.54373978e-05 6.72158161e-05
 6.12033891e-05 7.74614990e-05 5.65091637e-05 5.89200871e-05
 7.84014881e-05 6.17553890e-05 8.66646268e-05 5.42199791e-05
 5.86686222e-05 7.43866954e-05 5.86867886e-05 6.41479855e-05
 5.37731484e-05 8.64954368e-05 6.24145375e-05 9.37926739e-05
 6.13147320e-05 5.76482322e-05 7.02452488e-04 8.30333985e-05
 7.14033201e-05 5.33356087e-05 3.55774131e-05 5.85176050e-05
 6.00792191e-05 4.64341496e-05 5.15479619e-05 9.19190171e-05
 7.03492540e-05 5.55374452e-05 6.64801144e-05 5.63644106e-05
 6.54283997e-05 7.92830990e-05 8.41263907e-05 6.24370394e-05
 7.40772255e-05 8.09266599e-05 5.94423428e-05 6.10558277e-05
 7.18322543e-05 4.17927784e-05 6.87862568e-05 8.34415790e-05
 5.06485475e-05 6.19981824e-05 6.42227040e-05 7.98056592e-05
 3.12982670e-05 7.20185118e-05 4.68629353e-05 7.42499200e-05
 5.15903100e-05 6.07444799e-05 4.91681537e-05 6.26107565e-05
 8.40999281e-05 8.31738714e-05 3.99593465e-05 4.95410810e-05
 7.33087701e-05 5.21551729e-05 5.82276868e-05 6.54882307e-05
 6.28324733e-05 5.03990227e-05 7.20677025e-05 7.02610177e-05
 5.41613238e-05 3.62380323e-05 7.68417517e-05 4.71980184e-05
 6.00301510e-05 5.68096625e-05 4.37135746e-05 4.37640704e-04
 5.23904714e-05 5.82034604e-05 5.00710873e-04 5.47731037e-05
 8.26623136e-05 3.41560250e-05 3.77711742e-05 4.28806873e-05
 6.92605189e-05 5.11259656e-05 7.05319286e-05 5.77133568e-05
 5.90378905e-05 7.35257732e-05 5.98038571e-05 9.67536332e-05
 6.70246542e-05 8.31152716e-05 4.22379286e-05 5.38891332e-05
 3.14667783e-05 8.69892899e-05 6.70320354e-05 6.24656258e-05
 4.77881140e-05 5.00215189e-05 5.69595556e-05 8.34338264e-05
 6.41671102e-05 7.76529175e-04 4.78310605e-05 6.00086101e-05
 5.93084267e-05 6.59983488e-05 6.67694306e-04 5.75731383e-05
 4.46587280e-05 9.49677771e-05 5.07461345e-05 7.93528102e-05
 5.49580131e-04 6.51504596e-05 6.21099311e-05 8.63040042e-05
 6.73056635e-04 9.17076632e-05 7.21361629e-04 4.55678561e-04
 6.14662489e-05 7.56948179e-05 5.21826264e-05 4.09725119e-05
 6.34245659e-04 3.94736901e-05 6.82264208e-05 4.32508247e-05
 5.16466168e-05 7.11565325e-05 4.76814377e-05 6.91605595e-05
 4.52538577e-05 6.91355862e-05 6.93042531e-04 7.03931989e-05
 9.04309059e-05 6.50423898e-05 4.80417703e-05 5.80609614e-05
 6.00713930e-05 6.35881230e-05 5.23073438e-05 6.32076421e-05
 6.95221358e-05 5.40606931e-05 6.20545992e-05 7.01034128e-05
 8.08036882e-05 5.87488951e-05 4.19252241e-05 4.50576497e-05
 6.27998692e-05 4.87875558e-05 8.72942095e-05 5.25058879e-05
 6.44415616e-04 7.23169509e-05 5.56697302e-05 7.26203030e-05
 6.25778975e-05 3.40547913e-05 6.98848006e-05 5.60342768e-05
 6.48098244e-05 5.90039994e-05 6.44624169e-05 8.59337023e-05
 7.50281248e-05 6.90632774e-05 6.65671646e-05 3.74832278e-05
 6.37788188e-04 5.90423960e-05 4.41721454e-05 6.63634076e-05
 6.53010669e-05 1.05104634e-04 6.10091716e-05 3.18381607e-05
 8.40431716e-05 4.20562076e-05 5.68989374e-05 6.75186490e-05
 6.36821638e-05 4.08544615e-05 6.11183484e-05 7.22321972e-05
 9.04485321e-05 6.67097102e-05 8.45666806e-05 6.72480244e-05
 6.07554553e-04 6.27222293e-05 6.12161386e-05 4.64819586e-05
 6.10733578e-05 8.32831017e-05 3.30489239e-05 4.60682733e-05
 5.62266239e-05 5.49307311e-05 6.10829643e-05 7.53481512e-05
 5.82041700e-04 6.08237420e-05 3.72152995e-05 4.54889814e-05
 6.89350692e-05 8.55985523e-05 3.09374599e-05 5.24355908e-05
 4.34558851e-05 8.47457016e-05 5.99649333e-05 5.28808568e-05
 5.25426406e-05 5.70967661e-05 2.59966292e-05 5.66504056e-04
 4.52945181e-05 9.55471538e-05 6.82311422e-05 8.05943581e-05
 6.75934184e-05 6.88916768e-05 6.42340913e-05 4.99839378e-05
 5.36953517e-05 7.21893020e-05 6.37801162e-05 7.00487033e-05
 6.16104300e-05 5.96849776e-05 5.56921531e-05 5.53717366e-05
 6.66943247e-05 6.16066096e-05 6.67573360e-05 3.17279697e-05
 5.99202342e-05 3.69439387e-05 5.48278059e-05 7.50109353e-05
 6.90301822e-04 4.39007234e-05 7.70458504e-05 6.57327893e-05
 4.32488725e-05 3.74303524e-05 4.99141796e-05 9.31506757e-05
 6.07968724e-05 8.01504007e-05 6.54434175e-05 5.84377388e-05
 7.66979439e-05 4.77353954e-05 6.01816266e-05 5.32160044e-05
 5.31180069e-05 6.64525223e-05 5.88929202e-05 8.25781049e-05
 5.00133385e-05 7.22291924e-05 4.62573551e-05 7.56489431e-05
 4.89906236e-05 5.21013392e-05 7.25685563e-05 6.02266559e-04
 6.87726058e-05 4.14661266e-04 5.94348463e-05 7.62076679e-05
 1.02841026e-04 7.04080303e-05 5.90946858e-04 5.91608556e-05
 7.40627597e-05 6.07167747e-05 5.09832599e-05 4.74344816e-05
 1.13081688e-04 7.34584894e-05 7.14120246e-05 6.95987222e-05
 8.27829206e-05 6.28759713e-05 4.86977883e-05 6.56393804e-05
 7.51865742e-04 3.71082107e-05 6.27819107e-05 7.01877784e-05
 8.24208801e-05 6.59064686e-05 6.54105401e-05 6.67525270e-05
 2.90515178e-05 8.04150993e-05 8.11502770e-05 5.12578337e-05
 4.69098521e-05 3.94135706e-05 6.74377894e-05 6.05788063e-05
 6.13905835e-05 6.29646059e-05 5.02594850e-05 5.41978639e-05
 4.35372569e-05 4.52404784e-05 3.67148450e-05 1.03270436e-04
 5.57050134e-05 6.49658212e-05 4.96476621e-05 5.73349299e-05
 6.41502857e-05 6.97574174e-05 6.86762771e-05 9.09591421e-05
 5.61372910e-05 6.17750592e-05 5.62598219e-04 7.26287236e-05
 4.43295406e-05 4.64955385e-05 6.75010962e-05 6.21061459e-05
 3.96595823e-05 4.14216073e-05 4.21464056e-05 4.71577362e-05
 8.03164786e-05 8.14732244e-05 6.96600349e-05 5.99983489e-05
 5.09970573e-05 5.66307932e-05 6.18315503e-05 6.99783852e-05
 6.37828665e-05 7.74769207e-05 5.50649847e-05 8.35876995e-05
 6.13570981e-05 6.80987723e-05 5.08842906e-05 6.50514538e-05
 4.80266075e-05 2.96954905e-05 5.18797181e-05 6.45676531e-04
 4.86449361e-05 5.56155903e-04 7.58290627e-05 1.07457145e-04
 4.87317031e-05 7.05376990e-05 5.10496457e-05 5.66351945e-05
 6.07994665e-05 3.98731778e-05 4.56977211e-05 6.05134464e-05
 5.02539080e-05 4.38981094e-05 6.44059108e-05 4.48642268e-05
 6.88464522e-05 7.48749362e-05 4.28004292e-05 5.26839646e-05
 5.98636101e-05 4.68720745e-05 8.12110117e-05 7.95968023e-05
 5.79826010e-05 4.67211152e-05 7.40467769e-04 5.96430844e-05
 7.17410240e-05 5.23864191e-05 4.96721175e-05 7.87710676e-05
 5.29449379e-05 5.72303392e-05 4.56819538e-05 4.54233960e-05
 6.28983910e-05 5.23909268e-05 5.98647780e-05 5.11912041e-05
 2.97275847e-05 5.36679777e-05 5.01288345e-05 6.33065307e-05
 4.27686925e-05 6.84318231e-05 5.01521517e-05 6.69487569e-04
 5.32054735e-05 6.09183542e-05 5.96599739e-05 7.05519501e-04
 4.91630422e-05 5.15142638e-05 4.42142744e-05 7.73761344e-05
 3.89215457e-05 4.81690374e-05 5.97740698e-05 8.55924993e-05
 4.22527125e-05 6.36305109e-04 6.89180982e-05 2.54909399e-05
 5.70319197e-05 5.28227535e-05 6.86852048e-05 5.02441305e-05
 3.67995191e-05 4.46472789e-05 5.17954469e-05 6.65681492e-05
 7.08335759e-05 7.60912913e-04 6.52504336e-05 4.95113439e-05
 5.08660992e-05 7.95517070e-05 4.17304599e-05 3.53817226e-05
 6.83646876e-05 7.14772874e-05 3.09420581e-05 9.65764746e-05
 4.31502318e-05 6.19670638e-05 5.94348812e-05 6.71611305e-05
 5.32122008e-05 7.05045038e-05 7.00895394e-05 7.31281272e-05
 4.45357393e-05 7.72857967e-05 5.90810134e-05 8.18543663e-05
 7.44848679e-05 5.74139856e-05 6.32867241e-05 5.94999300e-05
 3.64326064e-05 7.45593539e-05 6.95561862e-05 6.61663140e-05
 5.44516090e-05 5.43528154e-05 6.44243202e-05 4.34965948e-05
 6.56035551e-05 2.95389719e-05 4.32493058e-05 7.70084594e-05
 5.92228008e-05 7.96458319e-05 7.25116570e-05 6.20597873e-05
 6.13393355e-05 4.82137818e-05 4.76100653e-05 6.62702356e-05
 7.09215661e-05 7.54593373e-05 4.97795548e-05 2.93276845e-05
 6.40170042e-05 5.52371279e-05 5.06916037e-05 7.68511028e-05
 6.39698708e-05 5.65666033e-05 3.39600725e-05 5.42733941e-05
 4.27336376e-05 4.46620784e-05 4.65616002e-05 1.05791116e-04
 7.13999727e-05 5.83099517e-05 6.63438974e-05 6.75285729e-05
 7.96998921e-05 5.82871260e-04 6.63467448e-05 6.45155270e-05
 7.22848158e-05 9.33409641e-05 7.35188895e-05 9.12871815e-05
 7.69998985e-05 8.49854778e-05 1.02180344e-04 8.17234595e-05
 8.33085519e-05 7.16463971e-05 5.23942803e-05 6.41931516e-05
 7.79798387e-05 9.10343979e-05 7.82801587e-05 3.97256374e-05
 8.21468814e-05 6.17901791e-05 7.19506809e-05 5.93195396e-05
 5.53791678e-05 7.35615227e-05 6.52027215e-05 6.21821551e-05
 7.89156354e-04 7.03129314e-05 4.14237678e-05 6.03622034e-05
 4.85405671e-05 5.01689172e-05 5.82358493e-05 5.99432914e-05
 5.09696553e-05 6.63805371e-05 5.47257261e-05 7.68245901e-05
 4.23632136e-05 8.50227905e-05 4.26377789e-05 6.12491907e-05
 5.96647815e-05 4.14347981e-05 6.44513247e-04 6.46418658e-05
 7.83990204e-04 3.93343813e-05 5.48636922e-05 6.79028372e-05
 5.69532091e-05 8.47907151e-05]