[9.99196707e-05 8.35095977e-05 9.92106215e-05 7.69220689e-05
 6.04193433e-04 6.51155266e-05 7.36217690e-05 6.82471935e-05
 7.70553657e-05 8.63794472e-05 9.23796434e-05 7.63395544e-05
 8.60181118e-05 6.98236659e-05 8.54420556e-05 7.33802145e-05
 6.80582411e-05 6.88771567e-05 7.37312751e-04 5.41406762e-05
 7.33713822e-05 7.43749830e-05 8.07263617e-05 7.09061084e-05
 6.03421104e-05 7.38175064e-05 8.32002204e-05 7.83783949e-05
 9.16729873e-05 8.62117798e-05 9.05732509e-05 6.40829215e-05
 9.56673484e-05 7.67559314e-05 7.32299030e-05 7.68432960e-05
 7.54843581e-05 6.37776709e-05 7.41996357e-05 7.69115364e-05
 7.28602751e-05 6.61137464e-05 6.82989283e-05 7.40274156e-05
 8.23401877e-05 7.54850070e-05 5.96647529e-05 7.30790651e-05
 7.50871659e-05 7.21503078e-05 9.05722718e-05 4.90370101e-05
 8.91652851e-05 9.64862197e-05 7.98066191e-05 9.23888717e-05
 7.64349629e-05 8.13800655e-05 7.84764061e-05 8.30681670e-05
 8.39929703e-04 7.74511345e-05 7.43917346e-05 8.38884649e-05
 7.67712168e-05 8.47432956e-05 9.97352503e-05 8.57433694e-05
 6.37597295e-05 1.00912472e-04 9.18765423e-05 6.38811656e-05
 9.35631479e-04 8.55532514e-05 6.92453402e-05 6.61295262e-05
 8.37183572e-05 8.55160939e-05 5.96711317e-05 7.98084396e-05
 5.35577914e-05 8.00690500e-05 9.33497766e-05 7.23730535e-05
 8.73495941e-05 5.83606814e-05 8.08438592e-05 7.73243764e-05
 8.14482656e-05 8.54178395e-05 7.21928713e-05 7.60027391e-05
 1.06746529e-04 9.13726601e-05 9.39783723e-05 6.30515066e-05
 7.81884241e-05 8.71743565e-05 7.40587014e-05 7.53113590e-05
 8.98699459e-05 8.28337891e-05 7.53452514e-05 6.54368771e-05
 1.02927238e-04 8.96930575e-04 1.00380386e-04 8.73014181e-05
 6.33679376e-05 8.11253171e-05 6.73984527e-05 5.28346364e-05
 7.83344790e-05 7.79770737e-05 9.26575399e-05 7.56085493e-05
 8.17128559e-05 8.39758250e-05 8.94872431e-05 7.85550648e-05
 7.28699691e-05 6.12502977e-05 1.03536556e-04 6.34262378e-05
 8.20545658e-05 8.64554779e-05 7.43782724e-05 6.15527732e-05
 8.78311558e-05 8.04404272e-05 7.75401885e-05 8.72154279e-05
 9.70273233e-05 9.13629728e-05 6.55626243e-05 8.00117791e-05
 7.08671404e-05 8.49199006e-05 7.52909872e-05 8.18530786e-05
 6.88757527e-05 8.79433396e-05 6.54937974e-05 8.18013626e-05
 8.90465638e-05 8.06368902e-05 8.32597375e-05 7.81119892e-04
 7.69722546e-05 8.29026361e-05 7.08026853e-04 7.97463992e-05
 8.38017795e-05 8.47193868e-05 6.81046884e-05 6.24179641e-05
 7.53997166e-05 7.66873505e-05 8.38919039e-05 8.28354118e-05
 5.28370140e-05 8.00149452e-05 8.66798665e-05 6.97213700e-05
 9.03386134e-05 7.85421626e-05 6.86575317e-05 8.35961132e-05
 7.20009132e-05 7.21612215e-05 9.53951181e-05 7.28902392e-05
 8.85468055e-05 7.45078354e-05 7.93013616e-05 7.32289936e-05
 8.06477558e-05 6.25211913e-05 5.95249802e-05 6.39344390e-05
 8.69760151e-05 9.51448775e-05 9.94364440e-05 7.02330358e-05
 7.04498745e-05 9.71468937e-05 8.07856085e-05 8.20193195e-05
 9.81703260e-05 7.44743601e-05 8.44252405e-05 6.95876036e-05
 8.84035588e-05 8.73250627e-05 7.06528134e-04 6.29584058e-05
 8.52364778e-05 1.00822449e-04 6.27938152e-05 8.49868405e-05
 7.58722588e-05 8.18185631e-05 5.45815887e-05 6.15101535e-05
 7.82527296e-05 7.26919664e-05 6.99239934e-05 9.34206808e-05
 9.52405036e-05 8.51907172e-05 8.99525187e-05 7.21375672e-05
 8.64893517e-05 6.01092805e-05 7.82492148e-05 7.61354727e-04
 6.79004191e-05 8.60061311e-05 7.11747596e-05 8.29581554e-05
 7.38821659e-04 7.51479523e-05 7.21065786e-05 8.09174931e-05
 6.40313126e-05 8.46627289e-05 7.90729654e-05 9.75883460e-05
 6.89583813e-05 8.63370848e-05 9.50048198e-05 8.08444576e-05
 7.90623741e-05 7.87143810e-05 8.30070786e-05 6.28484260e-05
 7.66923698e-05 7.38604467e-05 6.85010324e-05 6.16694455e-05
 6.96855739e-04 9.20987356e-05 8.33047137e-05 8.68182533e-05
 8.58101818e-05 8.65067268e-05 8.44714699e-05 7.90443969e-05
 5.92696573e-05 8.48851936e-05 7.88998258e-05 8.34868559e-05
 6.68148147e-05 8.25489197e-05 8.62086460e-05 6.87208235e-05
 7.39058883e-05 8.19087251e-05 8.69120022e-05 7.90281699e-05
 8.69962291e-04 6.02321166e-05 8.14129374e-05 8.45850705e-05
 8.03752992e-05 6.54524134e-05 6.79843656e-05 1.01483011e-03
 6.73690649e-04 8.44070757e-05 8.23160616e-05 9.86546992e-05
 9.14860565e-05 7.60010614e-05 8.28885762e-05 6.75073920e-05
 7.94542483e-05 7.86722009e-05 8.20421505e-05 7.84107066e-05
 6.53399437e-05 6.74936533e-05 7.10861076e-05 9.65540777e-05
 7.29759348e-05 5.70978007e-05 7.67999506e-05 8.03424824e-05
 8.28706532e-05 9.08962980e-05 9.21284173e-05 8.73776054e-05
 6.84195592e-05 7.99409404e-05 4.83801715e-05 6.79628182e-05
 8.52735618e-05 5.70837834e-05 8.75498721e-05 7.11693528e-04
 8.39693197e-05 9.05229479e-05 8.70194025e-05 9.50224651e-05
 1.07838457e-04 7.54573781e-04 8.20989599e-05 8.71371651e-04
 7.34459539e-05 7.00316063e-05 8.68612155e-05 5.72578498e-05
 8.78887666e-05 9.90200093e-05 7.95713145e-05 6.67570391e-05
 7.13821614e-05 7.31039680e-05 8.72123181e-05 5.89214060e-05
 6.88115839e-05 5.64859688e-04 8.53943569e-05 9.29981036e-05
 5.13722816e-05 1.04222904e-04 7.84523029e-05 6.91234339e-05
 9.35011127e-05 6.96377979e-04 8.92926746e-05 8.00763973e-05
 8.87040878e-05 6.25247165e-04 6.39728471e-05 5.95035440e-05
 6.37198734e-05 9.19404406e-05 6.92213310e-05 6.98518808e-05
 7.30624024e-05 7.94663720e-05 6.54164357e-05 9.88367234e-05
 8.06373593e-05 8.42881839e-05 8.34905069e-05 7.53423183e-05
 8.09650365e-05 6.84450730e-04 8.59096567e-05 9.83734517e-05
 9.08031482e-05 8.11083007e-05 6.33865247e-05 7.73933162e-05
 8.61764432e-05 7.36754065e-05 8.94087063e-05 8.10232544e-05
 7.20684311e-05 8.59178566e-05 7.35197713e-05 6.00213859e-05
 7.97229524e-05 8.69306026e-05 6.52965032e-05 6.00584516e-05
 8.48550746e-05 6.76395537e-05 6.89830989e-05 6.40726383e-05
 6.54499927e-05 1.01833740e-04 1.05937649e-04 7.84170962e-05
 9.07037249e-05 8.65124828e-04 5.65225419e-05 7.81449460e-05
 7.35318569e-05 7.82858035e-05 7.73995695e-05 6.98612287e-05
 8.34261110e-05 6.31824125e-05 7.41219351e-05 7.30843409e-05
 6.24945024e-05 6.71001068e-05 7.46559768e-05 9.00383302e-05
 7.69721486e-05 7.30886297e-04 8.93737373e-05 7.61064565e-05
 8.66676886e-05 7.54287561e-05 8.40275421e-05 8.51460615e-05
 9.86778621e-05 8.14555745e-05 6.08749677e-04 8.19351225e-05
 7.20685361e-05 7.56928508e-05 7.35837845e-05 7.25268450e-05
 9.01927736e-05 6.07541096e-05 8.04004962e-04 7.71988276e-05
 8.81117607e-05 6.08936314e-05 9.41560109e-05 1.02986263e-04
 7.85112526e-05 7.70011897e-05 8.12317998e-05 6.57652210e-05
 6.42010053e-05 6.94271255e-05 7.89660824e-05 7.97434339e-05
 7.29379918e-05 6.77206766e-05 7.88600445e-05 6.35941241e-04
 8.97240626e-05 9.25447607e-05 7.09782375e-05 7.47229430e-05
 7.04580122e-05 1.08340273e-03 9.91508357e-05 4.43439591e-05
 7.58253887e-05 8.27793453e-05 8.12549868e-04 9.15747002e-05
 1.01080839e-04 7.48824969e-05 6.79638410e-05 5.99922686e-05
 7.85809526e-05 6.38120883e-05 7.64352140e-05 8.67751975e-05
 7.48300243e-05 6.77883229e-04 7.52775099e-05 7.22053555e-04
 7.28265587e-05 7.07219027e-05 8.02716889e-05 7.54388157e-05
 8.69962016e-05 7.30653241e-05 6.11917082e-05 6.22546205e-05
 7.66241335e-05 5.20108282e-05 7.45799055e-05 9.00025237e-05
 8.57721384e-04 7.56228498e-05 9.14031679e-05 8.37842693e-05
 5.83474362e-05 7.15026743e-05 8.27211179e-05 7.18190795e-05
 7.47092119e-05 7.19320385e-05 8.80321584e-05 6.63717935e-05
 7.78086223e-05 7.78237477e-05 7.40668883e-05 7.58945715e-05
 8.65161014e-05 5.92900367e-05 7.48280749e-05 7.81924803e-05
 7.61041820e-04 8.05014952e-05 8.70739100e-05 9.01408007e-05
 6.38033902e-05 7.57218950e-05 6.56295275e-05 9.82520008e-05
 8.03756533e-05 8.89104480e-05 7.58969848e-05 6.43004174e-05
 9.54395900e-05 7.71314589e-05 9.30294302e-05 7.69510594e-05
 8.35779024e-05 7.20863560e-05 1.10082130e-04 5.99665949e-05
 4.99104899e-05 9.27178710e-05 8.18467238e-05 9.18592711e-05
 7.63918245e-05 8.10508379e-05 9.04213310e-05 7.94657538e-05
 7.70547543e-05 8.90147134e-05 7.28781575e-05 7.49071052e-05
 7.86667569e-05 7.25935032e-05 7.63487914e-05 8.08259063e-05
 9.43469329e-05 6.63911412e-05 9.16534389e-05 8.63353655e-05
 8.83455794e-05 6.91064827e-05 7.30955796e-05 6.39126321e-05
 6.24256796e-05 8.34886555e-04 8.58413468e-05 8.81198289e-04
 1.01889054e-04 1.07226214e-04 8.60850366e-05 9.09752157e-05
 6.87916112e-05 7.20533271e-04 8.56823173e-04 7.82328603e-05
 9.49484530e-05 7.04647810e-05 8.95451882e-04 6.67641417e-05
 7.33963193e-05 7.91618504e-05 8.81731772e-05 7.90077255e-05
 9.94383640e-05 7.84566972e-05 6.61098944e-05 6.16816489e-05
 7.23809106e-05 7.29826732e-04 7.87702436e-05 8.79758745e-05
 5.78773775e-05 7.05805323e-05 6.00715159e-05 7.73281386e-05
 7.41591280e-05 8.20266700e-05 7.69354538e-05 8.53509228e-05
 8.99681988e-05 7.73076013e-05 7.52789591e-05 6.37075942e-05
 7.84286929e-05 9.28932965e-05 7.74269215e-04 8.19689493e-05
 9.05018698e-05 6.94768760e-05 1.08120406e-04 6.97592341e-05
 7.41955181e-05 6.98488275e-05 7.97411138e-05 8.47810552e-05
 8.95687964e-05 7.81179292e-05 7.74391285e-05 8.64801020e-05
 8.08279592e-05 7.76752000e-05 7.45356150e-05 7.06539763e-05
 7.23667018e-05 6.56063192e-05 7.72294944e-05 9.24301437e-05
 7.33700061e-05 7.16067560e-05 6.06531210e-05 6.33641151e-05
 8.13008286e-05 8.57267487e-05 1.04666636e-04 7.80063452e-05
 8.06238128e-05 6.42985355e-05 7.35691170e-04 7.48860999e-05
 6.14363214e-05 8.89846017e-05 8.00952459e-04 7.45408633e-05
 1.01961773e-04 7.82772080e-05 7.57155939e-05 7.59303843e-05
 8.55868400e-05 7.62058462e-05 7.57061935e-05 8.21620664e-05
 6.49447273e-05 7.30502740e-04 6.02996041e-05 6.49672542e-05
 6.95319618e-05 6.14440959e-04 8.93484839e-05 6.21955817e-05
 5.71745068e-05 8.02324887e-05 5.16687324e-05 9.74113928e-05
 7.65290170e-05 7.12459791e-05 8.12314271e-05 6.99090469e-05
 1.02490537e-04 8.59758771e-05 6.99077594e-05 1.19802554e-04
 7.94966160e-04 8.31082405e-04 6.76497963e-05 8.19673377e-05
 8.36648146e-05 8.59074768e-05 7.19908039e-05 7.05949350e-05
 8.23828290e-05 7.49795581e-05 7.99660450e-05 8.37410330e-05
 9.24665404e-05 7.24296624e-05 8.74849829e-05 9.62531529e-05
 5.59255638e-05 6.27863309e-05 8.96527830e-05 9.14158602e-05
 9.27830164e-05 8.50440098e-05 7.60343416e-05 7.42507615e-05
 7.10932354e-05 8.94439017e-05 8.17075789e-05 1.05018760e-04
 9.79038556e-05 7.86534966e-05 7.72021350e-05 6.03110902e-05
 1.11625504e-04 7.86662463e-05 7.42345199e-05 5.69719662e-05
 6.29190922e-05 8.46512729e-05 7.20946194e-04 7.40293742e-05
 9.37077890e-05 8.78782494e-05 6.17168473e-05 6.15031758e-05
 8.01152912e-05 7.75457259e-05 8.96591733e-04 6.78141856e-05
 8.54022746e-05 5.35343025e-05 5.46868648e-05 8.14423126e-05
 8.69651182e-05 9.29857983e-05 1.09424421e-04 8.42623397e-05
 6.91093839e-04 1.15910046e-04 7.19685036e-05 7.71984105e-05
 7.32000749e-05 6.84642756e-05 9.88427336e-05 6.36099310e-04
 5.68626411e-05 9.03131266e-05 7.78008942e-05 7.52005057e-05
 7.89386303e-05 7.88988640e-05 9.04091428e-05 7.67458037e-05
 1.00532654e-04 7.01947410e-05 6.65527659e-05 8.08838635e-05
 7.63325459e-05 7.28288500e-05 6.17683604e-05 7.95488104e-05
 9.21912635e-05 9.40248314e-05 8.45324287e-05 7.54204604e-05
 8.15379490e-05 6.90255199e-05 7.86225095e-05 6.56685677e-04
 8.12358477e-05 9.34559420e-05 6.52350608e-05 7.06248912e-05
 6.77326873e-05 9.21149287e-05 5.31455824e-05 7.04052815e-05
 6.66795521e-05 7.01080373e-05 8.77711045e-05 7.72397441e-05
 9.99137051e-05 7.00453205e-05 1.04952136e-04 7.57719815e-05
 6.58685893e-05 6.45922535e-05 5.88553574e-05 7.10173644e-05
 6.17247054e-05 5.36359269e-05 1.10910805e-04 7.77590639e-05
 7.17837597e-05 7.64869594e-05 6.98638837e-05 8.08267650e-05
 9.66543262e-05 8.41373000e-05 7.82395588e-05 7.73048783e-04
 1.11855386e-04 6.96105747e-05 7.79992675e-05 8.66816386e-05
 6.47069689e-05 6.75031948e-05 7.38277715e-05 6.54363610e-05
 6.60309570e-05 8.41084924e-05 6.45169108e-05 8.73493887e-04
 6.33769350e-05 8.72172463e-05 8.56280293e-05 8.60077394e-05
 8.41875282e-05 8.22339194e-05 7.94715655e-05 7.41751646e-05
 8.77980979e-05 7.09895132e-05 8.25119547e-05 8.28350477e-05
 9.09911159e-05 8.52934021e-05 7.10707318e-05 6.15594593e-05
 9.50290941e-05 1.06381739e-04 8.73800861e-05 6.74591082e-04
 6.19463892e-05 8.42963589e-05 7.63627607e-04 8.27036755e-05
 8.67812185e-05 6.90418431e-05 9.22693820e-04 6.61453195e-05
 7.86024215e-05 7.05686406e-05 8.32475176e-05 8.03793866e-05
 7.31239124e-05 5.70410617e-05 5.11934325e-04 7.19388152e-05
 8.78431182e-05 1.00526245e-03 7.20353487e-05 9.73629780e-04
 6.08505360e-05 7.20559144e-05 6.85056498e-05 6.43168926e-05
 8.66513699e-05 9.57581682e-05 8.55942573e-05 9.00169313e-05
 8.20917277e-05 4.67258713e-05 9.10654289e-05 7.37892466e-05
 9.38144741e-05 6.83907863e-05 6.36172576e-05 7.38292899e-05
 8.55028844e-05 5.92658507e-05 7.58714243e-05 6.52652006e-05
 9.75535827e-05 7.09383624e-05]