[4.70255540e-05 5.24015118e-05 5.05817693e-05 6.32088019e-05
 5.09049688e-05 4.96617765e-05 2.78136918e-05 3.37582418e-05
 6.17480981e-05 3.63296308e-05 4.43121663e-05 6.09374910e-05
 6.20268269e-05 3.94631358e-05 3.44548783e-05 4.66278541e-05
 6.66361003e-05 4.87239295e-05 5.88885214e-05 3.80316983e-05
 6.40906133e-05 5.16201178e-05 9.10478006e-05 5.32157306e-05
 7.01904676e-05 3.92465466e-05 4.65012621e-05 4.90416703e-05
 4.35379962e-05 6.19848186e-05 3.83035426e-05 5.88179077e-05
 7.34964844e-05 8.64035871e-05 5.25834006e-05 6.70852195e-05
 7.26159311e-05 5.39349733e-05 4.74004459e-05 6.43757818e-05
 1.97576968e-05 6.32516458e-05 5.92284810e-05 4.41291731e-05
 4.76753619e-05 4.35692705e-05 4.14253668e-05 4.71901791e-05
 6.90980639e-05 7.41555041e-04 6.54810547e-05 7.22596946e-05
 5.92320128e-05 3.29172952e-05 4.60433274e-05 7.15943559e-05
 8.38961738e-05 6.23815270e-05 4.71842487e-05 4.85908927e-05
 9.00070185e-04 3.69940047e-05 4.88389158e-05 4.75476807e-05
 4.81964599e-05 4.42451460e-05 4.29186177e-05 5.82950371e-05
 5.08813509e-05 5.75646275e-05 4.96830122e-05 5.69421281e-05
 4.44696382e-05 4.02732882e-05 5.51354698e-05 6.10219180e-05
 6.21346904e-05 5.22282025e-05 6.22439130e-05 4.74270982e-05
 5.65564120e-05 4.59079353e-05 4.16047909e-05 5.84895473e-05
 6.85557177e-05 3.44794978e-05 6.83427178e-05 4.95453695e-05
 5.81776253e-05 6.07275692e-05 7.11235504e-05 3.98121310e-05
 3.40367137e-05 4.25496542e-05 1.00958175e-03 5.31166435e-05
 3.36789560e-05 5.82524460e-05 3.94310142e-05 5.52006750e-04
 6.31671264e-05 5.61867861e-05 4.17924247e-05 3.72943108e-05
 5.85219575e-05 6.67719688e-05 4.70138829e-05 3.96033526e-05
 4.60288091e-05 6.95451526e-05 7.31820454e-04 5.56637921e-05
 5.09323230e-05 5.40526996e-05 9.16589537e-04 7.26764649e-05
 5.27333547e-05 5.13199564e-05 6.02212051e-05 1.02019419e-03
 4.74666892e-05 7.48960559e-05 4.86655795e-05 6.62797951e-05
 5.06171844e-05 7.31623765e-05 5.45515361e-05 3.24326264e-05
 6.72379562e-05 2.79029999e-05 3.00954283e-05 6.22621553e-05
 4.26317352e-05 3.49185796e-05 4.52915470e-05 4.95569146e-05
 4.28786394e-05 5.73705068e-05 6.24485474e-05 5.79098282e-05
 2.83736026e-05 5.29070992e-05 7.19801628e-05 7.20932145e-05
 5.66108231e-05 3.50009449e-05 2.89342058e-05 3.98128943e-05
 3.32242670e-05 9.64332450e-04 3.92765669e-05 5.35960263e-05
 4.00307048e-05 4.79166890e-05 7.06043147e-05 5.26142858e-05
 3.98378375e-05 8.17253145e-05 6.34587245e-05 4.38315687e-05
 3.92074895e-05 4.79430915e-05 7.92055536e-05 6.57503288e-05
 4.01632925e-05 7.26452354e-05 3.80592460e-05 1.99803037e-05
 6.81764623e-05 5.39988074e-05 4.20060725e-05 3.13433663e-05
 5.45071105e-05 5.88219247e-05 5.10309847e-05 3.54336488e-05
 6.93306868e-05 5.71377876e-05 6.50447915e-05 4.07549540e-05
 5.69849486e-05 4.58896056e-05 3.46501121e-05 8.13483570e-05
 4.68968135e-05 4.77978593e-05 5.69907064e-05 6.60994124e-05
 3.35979757e-05 5.00660912e-05 7.24955115e-04 6.89142430e-04
 4.95220833e-05 4.74166962e-05 2.23900441e-05 7.58130682e-05
 6.36967439e-05 2.69454410e-05 6.13150996e-05 6.63381276e-05
 7.75881122e-05 7.48145545e-04 5.63011399e-05 3.77046915e-05
 4.70488176e-05 4.51059528e-05 5.44570371e-05 5.03442709e-05
 4.32726489e-05 6.96564117e-05 4.64897114e-05 6.57733559e-05
 5.63789529e-05 7.28116623e-05 2.32612119e-05 7.82564996e-05
 3.86351783e-05 6.12534123e-05 4.53415021e-05 5.42954294e-05
 6.95760148e-05 6.18157651e-05 6.36095759e-05 5.09386884e-05
 5.36839566e-05 3.20896599e-05 6.98230158e-04 3.89936951e-05
 5.48294903e-05 2.92721980e-05 6.97553183e-05 6.08657252e-05
 6.55635208e-05 5.31604714e-05 4.57868582e-05 6.04763799e-05
 4.88295613e-05 7.30910199e-05 3.09967396e-05 6.09823686e-05
 4.90661482e-05 4.34178691e-05 5.91234394e-05 2.65895474e-05
 5.73161426e-05 5.47177504e-05 7.18573921e-04 4.34283263e-05
 8.67245409e-05 2.53698552e-05 4.28674283e-05 5.99809586e-05
 5.87276262e-05 2.62289798e-05 5.63608383e-05 4.75661444e-05
 6.99803939e-05 3.99450524e-05 3.87493867e-05 7.04758846e-05
 5.56846429e-05 6.25170644e-05 3.34273437e-05 3.40928712e-05
 4.02776323e-05 5.70511831e-05 5.03183103e-05 4.84152425e-05
 5.87553898e-05 4.48268098e-05 4.19815126e-05 7.88874492e-04
 5.90296638e-05 7.73525521e-05 7.55082744e-05 5.15238046e-05
 7.74742032e-04 7.02457835e-05 6.22399663e-05 6.21346237e-05
 4.25684423e-05 4.53100003e-05 5.67206073e-05 5.70963208e-05
 5.65131632e-05 3.04459724e-05 5.44726215e-05 4.57868219e-05
 4.63181780e-05 5.28703019e-05 5.14929412e-05 7.71478428e-05
 3.49750235e-05 4.81214555e-05 5.74784336e-05 9.58447480e-04
 3.61242747e-05 4.00065590e-05 6.40938365e-05 4.02396777e-05
 4.41821503e-05 3.85998003e-05 6.67724351e-05 6.56036733e-05
 7.52131832e-04 5.24416010e-05 5.73433368e-05 3.96072018e-05
 4.12493776e-05 5.91965596e-05 6.96792652e-05 7.08267131e-05
 6.62429747e-05 3.88166461e-05 5.40934710e-05 8.64676034e-04
 6.49237445e-05 6.47377897e-05 5.42609610e-05 6.48669398e-05
 6.34254815e-05 5.48374196e-05 3.28133428e-05 5.97777510e-05
 3.47408552e-05 3.76809378e-05 5.88699431e-05 3.68273416e-05
 6.24098844e-05 7.10353577e-05 5.15021820e-05 3.52774328e-05
 6.58759436e-05 3.11692750e-05 6.57740826e-05 5.24510564e-05
 9.10488005e-04 5.55345476e-05 2.82941082e-05 4.66616092e-05
 5.09764292e-05 6.71500952e-05 2.82696736e-05 7.77831961e-04
 3.13578937e-05 3.34302775e-05 5.22116102e-05 3.47061918e-05
 3.35091406e-05 5.67898410e-05 5.02834130e-05 6.12205117e-05
 7.30279084e-05 4.30900282e-05 4.15501943e-05 7.12868033e-05
 5.69912593e-05 4.65935965e-05 6.52826181e-05 8.01439493e-05
 5.06610782e-05 5.76692767e-05 5.17905435e-05 6.98273251e-04
 4.72694519e-05 6.67127957e-05 1.11338734e-03 4.23890042e-05
 4.67783650e-05 5.30766312e-05 7.14176705e-05 8.75666784e-05
 6.80016703e-05 4.91036883e-05 7.96174769e-05 4.58237469e-05
 5.28176279e-05 5.83898745e-05 5.25647663e-05 5.81499456e-05
 5.30483366e-05 5.64400703e-05 8.08137243e-05 4.82305161e-05
 3.59876670e-05 3.17526580e-05 4.12052060e-05 3.81611572e-05
 4.51013296e-05 1.14984055e-03 3.11215910e-05 3.61403118e-05
 4.24709001e-05 5.56918284e-05 5.99884514e-05 3.86637759e-05
 9.54716703e-04 6.43368294e-05 3.74646806e-05 6.37906431e-05
 5.83759104e-05 7.54106797e-04 4.90684108e-05 5.52866128e-05
 6.10968974e-05 5.40209358e-05 4.72378532e-05 6.89082144e-05
 7.79864163e-05 3.83767922e-05 3.46622686e-05 1.36102187e-05
 3.17996110e-05 5.60942538e-05 6.91493793e-05 4.82014913e-05
 4.79063480e-05 5.18351447e-05 4.27756464e-05 4.74075128e-05
 4.54867072e-05 4.34566587e-05 6.24266345e-05 3.44996519e-05
 3.96998411e-05 5.09509145e-05 7.96577237e-05 3.62989189e-05
 4.08595505e-05 3.63934203e-05 4.70263137e-05 5.15726525e-05
 6.46903922e-05 7.81741597e-05 4.92324700e-05 3.77597146e-05
 5.64744531e-05 7.62266906e-05 4.68392328e-05 5.73683560e-05
 5.82737631e-05 6.67675739e-05 5.28788443e-05 4.97474297e-05
 6.32504208e-05 3.58755348e-05 3.34178969e-05 1.69734453e-05
 7.89284270e-05 6.74321608e-05 4.72102265e-05 4.99690033e-05
 7.12185686e-05 5.96405189e-05 7.23199649e-05 5.20942929e-05
 5.25630275e-05 4.09770325e-05 5.52597368e-05 5.59356605e-05
 7.51125848e-05 5.11845124e-05 4.20027221e-05 4.35050270e-05
 5.62773552e-05 7.47267596e-05 4.80398078e-05 4.06473849e-05
 5.05939009e-05 3.56811251e-05 3.30401020e-05 5.40012106e-05
 5.18705716e-05 5.56820965e-05 5.51547160e-05 8.03273504e-05
 4.92543447e-05 7.46511957e-05 3.51290323e-05 7.82057557e-05
 5.68294910e-05 4.14519417e-05 5.93814149e-05 2.56024114e-05
 5.72305985e-05 5.13542968e-05 5.60409311e-05 7.48356058e-05
 6.37304915e-05 5.10752114e-05 6.37291722e-05 3.72832807e-05
 6.19915516e-05 6.18085408e-05 4.04414789e-05 6.40547811e-05
 5.59082206e-05 4.48698897e-05 4.61373176e-05 6.90982467e-04
 4.90665511e-05 4.19833472e-05 4.83129651e-05 4.84404330e-05
 7.04890006e-04 6.40509464e-05 6.87635269e-05 7.47000158e-05
 4.95053022e-05 6.39395508e-05 3.70559561e-05 3.61882028e-05
 4.49449897e-05 5.00627865e-05 6.85028822e-05 5.37577150e-05
 6.74299750e-04 5.70369265e-05 4.93123081e-05 6.69499092e-05
 7.16869465e-05 7.18005586e-05 3.92295972e-05 4.03034021e-05
 4.40497369e-05 5.22846682e-05 9.07993835e-05 5.84168808e-05
 6.29851576e-05 4.58136198e-05 6.56608184e-05 5.14464360e-05
 4.93097548e-05 4.45616961e-05 5.21519386e-05 6.44853132e-05
 4.81059844e-05 4.83784837e-05 2.29053744e-05 6.86436181e-05
 4.59219861e-05 5.24523662e-05 5.04626893e-05 5.93734088e-05
 6.00809100e-05 8.85183547e-04 6.03393887e-05 6.71061678e-05
 6.18366457e-05 5.84507680e-04 3.97411478e-05 4.09181506e-05
 4.70569890e-05 6.32917366e-05 2.91793474e-05 4.59943416e-05
 5.33229830e-05 3.69103913e-05 6.31544975e-05 4.04901444e-05
 4.51145885e-05 7.09815903e-05 5.97475845e-05 5.01063393e-05
 8.68961339e-05 5.06682927e-05 6.75475602e-05 7.40777683e-05
 5.83269364e-05 4.99746933e-05 4.96971742e-05 3.78028552e-05
 6.12099980e-05 1.06357199e-03 4.74158356e-05 4.10600374e-05
 8.40682332e-04 5.19678438e-05 5.27413732e-05 4.86027314e-05
 4.60294591e-05 5.09635089e-05 7.06546511e-05 4.39629561e-05
 7.01718407e-05 5.42825302e-05 4.59273028e-05 4.48835792e-05
 5.08313432e-05 7.24434951e-05 4.89968331e-05 4.72975118e-05
 6.80827502e-05 7.99935542e-05 3.86633129e-05 8.10663289e-05
 9.57220056e-05 2.98338734e-05 5.66046374e-05 7.07177693e-04
 4.32121491e-05 7.93413587e-04 5.11396878e-05 3.09626550e-05
 1.03928594e-03 4.71552178e-05 4.65902222e-05 2.57796837e-05
 4.34486227e-05 5.26940556e-05 7.56677098e-05 5.01872793e-05
 5.14209596e-05 8.90292970e-05 5.33626922e-05 6.89655654e-05
 4.95892416e-05 4.64223771e-05 3.99381783e-05 6.02857651e-05
 7.74857728e-04 4.90222208e-05 4.79947579e-05 6.56724647e-05
 4.82457270e-05 3.56414092e-05 7.35097108e-05 5.89480536e-04
 5.55540845e-05 7.97286556e-04 4.23964950e-05 6.20106379e-05
 3.39986830e-05 4.65711313e-05 6.93025600e-05 5.13527581e-05
 6.11378864e-05 4.38880487e-05 4.73942193e-05 4.36180888e-05
 7.60131684e-05 5.23753899e-05 6.46805704e-05 5.24449774e-05
 5.27342295e-05 5.42138981e-05 4.09105392e-05 5.48051402e-05
 5.05408434e-05 2.67604708e-05 4.77866673e-05 5.08611475e-05
 6.58403436e-05 3.71345600e-05 7.31211438e-05 4.21939854e-05
 4.07869708e-05 5.53666385e-05 5.27797874e-05 3.65354683e-05
 6.99367826e-05 5.84232101e-05 1.96823171e-05 1.89543534e-05
 4.86749046e-05 5.84654074e-05 7.96391286e-04 6.97941742e-05
 2.92858780e-05 6.21931511e-05 3.08765602e-05 5.60423171e-05
 5.75651994e-05 5.33806237e-05 4.19812920e-05 9.80209527e-04
 6.75046169e-05 6.94825819e-05 4.54903665e-05 5.63156958e-05
 5.06289051e-05 4.05639628e-05 4.26925734e-05 6.17431398e-05
 5.29344067e-05 5.51764031e-05 7.05011556e-05 7.18970302e-05
 4.65130503e-05 6.08472488e-05 5.79244613e-05 1.07379333e-03
 5.26723999e-05 5.95595295e-05 4.82384946e-05 4.81899661e-05
 6.54832524e-05 7.39675738e-04 4.03878991e-05 5.45005255e-05
 6.60144309e-05 7.76645604e-05 4.90669227e-05 4.31043406e-05
 3.37806503e-05 6.93435552e-05 5.85258278e-05 4.11874001e-05
 6.98946009e-05 7.04073580e-05 5.29911092e-05 5.65813591e-05
 4.92283126e-05 5.02618473e-05 3.27472858e-05 5.48720235e-05
 6.32048078e-05 5.79802522e-05 5.79929639e-05 5.07459343e-05
 4.86951081e-05 3.84293918e-05 5.25325219e-05 4.10526776e-05
 8.01563299e-05 4.88804016e-05 4.28441117e-05 6.82682635e-05
 4.10644567e-05 7.06100232e-05 6.69633938e-05 4.68103619e-05
 6.82723654e-05 4.34750666e-05 3.90290237e-05 3.18807680e-05
 5.34260050e-05 7.04813343e-05 6.16288759e-05 8.03258645e-05
 5.55251479e-05 5.41584799e-05 4.43837540e-05 2.55290196e-05
 6.99307443e-04 6.59834500e-05 9.18595896e-04 5.52535022e-05
 6.24724062e-05 7.39765971e-05 4.14293304e-05 4.83448514e-05
 7.34700335e-05 5.31333002e-05 6.02858906e-05 6.37263556e-05
 5.07489120e-05 5.82934647e-05 8.61871394e-05 5.79408908e-05
 5.62394496e-05 4.04836155e-05 4.20561106e-05 4.77224569e-05
 5.73846727e-05 3.95352209e-05 4.52902601e-05 8.28991796e-04
 7.53737542e-05 7.67901222e-04 5.83921942e-05 7.17798176e-05
 3.82711453e-05 4.00171411e-05 6.67042359e-05 7.26621039e-05
 4.76715721e-05 4.07752928e-05 3.91355369e-05 5.99162961e-05
 3.80906086e-05 8.03682825e-05 8.85164369e-05 4.53659488e-05
 2.13044182e-05 6.41962648e-05 6.41961234e-05 6.42470997e-05
 3.35822446e-05 1.04883999e-03 6.49160301e-05 4.93995080e-05
 6.34068764e-05 4.42348152e-05 5.29317209e-05 6.40428655e-05
 3.95183158e-05 4.43820643e-05 4.14669168e-05 5.54982475e-05
 3.93189087e-05 2.54002734e-05 7.32266321e-05 4.29215658e-05
 6.76624656e-05 5.17163108e-05 4.42122831e-05 4.48536605e-05
 9.14530393e-04 4.03615557e-05 8.97401220e-04 5.02755778e-05
 4.47613533e-05 7.93495051e-04 4.30078174e-05 6.89328022e-05
 5.29864787e-05 6.96244710e-05 4.29236025e-05 6.20781868e-05
 8.00171554e-04 5.29617222e-05 4.21627887e-05 4.06288823e-05
 3.05605413e-05 5.32159669e-05 3.48455030e-05 6.74443211e-05
 9.36090927e-04 5.62881463e-05]