2730 0.0005736012231058178
7102 0.0005605956190260645
1010 0.0005574705966498381
368 0.0005491407423914785
1907 0.000545283024878801
7453 0.0005441554793590695
4583 0.0005393120716991937
1847 0.0005365279262642263
5369 0.0005335610871863078
7420 0.0005326375968004592
3947 0.0005308345941878199
3164 0.000530832518551012
7446 0.0005279826725588167
2794 0.0005229544462201817
3215 0.0005177227138226714
5346 0.0005174323343471695
7223 0.0005144202420499426
630 0.000513495028505973
4417 0.0005105938389721477
4955 0.000504467298150752
2902 0.0005040022338015605
5671 0.0005027848128589342
5833 0.0005014958323355173
3208 0.0005014759745521687
8096 0.0004972070911713069
5553 0.0004965446758045113
758 0.0004965433926811765
5769 0.0004958440390338929
3204 0.0004954029202287526
6301 0.0004952934416325735
8194 0.0004943917915206997
8060 0.0004921870084087619
4957 0.0004910423969759107
1430 0.0004902285173126836
6568 0.0004892019418726485
5584 0.0004888281377299239
3185 0.0004878188587025559
7938 0.00048761086426467537
7250 0.00048747024718265596
3751 0.00048380416296569823
150 0.00048364924777109406
2737 0.0004827358350302963
5099 0.0004822812444704053
2944 0.00048126883957056566
7872 0.00047852037522324437
5074 0.000477545267019843
1034 0.00047697971331101034
2639 0.00047693426360940756
229 0.0004762757478738571
3578 0.0004752277787836409
6648 0.00047521714417350137
930 0.0004749079295305105
7406 0.0004744688974621823
4222 0.0004740013523726635
6777 0.0004739953495858962
2464 0.0004739531976784853
2041 0.0004701158878323417
2484 0.00046984658847879976
4944 0.00046874460877684057
1197 0.00046845560451628805
7579 0.00046839681033379485
8112 0.00046831936797145493
3221 0.00046823562684897074
6005 0.00046810449060616594
6190 0.0004675034871295305
6530 0.00046719559890365334
5655 0.00046669149048497786
251 0.0004662452810894732
6787 0.00046579153572412805
8018 0.00046415136131178225
233 0.0004637377198905933
482 0.0004637155099866733
2589 0.00046345743050149824
5996 0.00046326596488923045
972 0.00046297709119895447
3951 0.00046158896290094135
7442 0.0004607076314048603
5998 0.00046067678335832225
2369 0.0004604580481470113
7499 0.00045950350206575745
4692 0.0004594917467576114
6315 0.0004593370595537752
1173 0.000459283096752236
6692 0.00045908682163446374
5376 0.00045862340592992717
4255 0.0004581395569566263
7784 0.0004581181515236418
5129 0.00045801154491935457
4832 0.00045693284126089434
5275 0.000456830067598068
2232 0.0004541235668290698
260 0.00045378848963015207
6847 0.00045374943462387404
2664 0.0004536333790432077
7702 0.0004536300912279603
6928 0.0004533581250585183
6883 0.00045269813071681223
1798 0.0004526077289063252
5808 0.0004526006579169086
1677 0.00045249817774946854
